21 11785718 2 3 53 13 541 157 119 8 0 0
22 11785713 2 3 54 39 527 131 7 93 0 0
23 7678573 3 5 12 40 68 190 156 9 4 67
24 7678571 1 5 9 67 79 176 132 12 3 40
25 7678573 0 8 11 170 73 80 177 195 150 151
26 7678569 0 8 10 169 92 74 137 138 171 189
31 13598900 4 3 131 93 865 54 2 39 0 0
32 13598905 4 3 157 119 851 53 13 1 0 0
33 8585162 1 5 120 4 132 79 568 168 12 3
34 8585161 0 8 548 6 138 137 74 555 92 573
35 8585165 0 8 547 5 151 150 567 80 73 549
36 8585165 3 5 168 3 156 554 68 120 9 4
255 11785718 2 5 541 1 14 542 53 118 119 8
256 11785718 2 5 542 13 15 543 541 117 118 119
257 11785704 2 5 543 14 16 542 544 116 117 118
258 11785704 2 5 544 15 17 543 545 115 116 117
259 11785718 2 5 545 16 18 544 546 114 115 116
260 11785718 2 5 546 17 19 545 521 113 114 115
261 11785718 2 5 521 18 20 528 546 112 113 114
262 11785718 2 5 528 19 21 529 521 111 112 113
263 11785711 2 5 529 20 22 528 530 110 111 112
264 11785711 2 5 530 21 23 529 531 109 110 111
265 11785717 2 5 531 22 24 530 532 108 109 110
266 11785711 2 5 532 23 25 531 533 107 108 109
267 11785711 2 5 533 24 26 534 532 106 107 108
268 11785718 2 5 534 25 27 535 533 105 106 107
269 11785711 2 5 535 26 28 534 536 104 105 106
270 11785711 2 5 536 27 29 535 537 103 104 105
271 11785717 2 5 537 28 30 536 538 102 103 104
272 11785714 2 5 538 29 31 537 539 101 102 103
273 11785714 2 5 539 30 32 538 540 100 101 102
274 11785714 2 5 540 31 33 520 539 99 100 101
275 11785711 2 5 520 32 34 522 540 98 99 100
276 11785714 2 5 522 33 35 520 523 97 98 99
277 11785716 2 5 523 34 36 522 524 96 97 98
278 11785713 2 5 524 35 37 523 525 95 96 97
279 11785714 2 5 525 36 38 526 524 94 95 96
280 11785715 2 5 526 37 39 527 525 93 94 95
281 11785713 2 5 527 38 2 526 54 7 93 94
282 11785718 3 5 3 41 190 217 68 4 67 66
283 11785718 3 5 40 42 217 190 244 67 66 65
284 11785718 3 5 41 43 244 271 217 66 65 64
285 11785718 3 5 42 44 271 298 244 65 64 63
286 11785718 3 5 43 45 298 271 325 64 63 62
287 11785718 3 5 44 46 325 352 298 63 62 61
288 11785718 3 5 45 47 352 379 325 62 61 60
289 11785718 3 5 46 48 379 406 352 61 60 59
290 11785718 3 5 47 49 406 433 379 60 59 58
291 11785718 3 5 48 50 433 406 460 59 58 57
292 11785718 3 5 49 51 460 487 433 58 57 56
293 11785718 3 5 50 52 487 514 460 57 56 55
294 11785718 3 5 51 53 514 487 541 56 55 54
295 11785718 3 5 52 1 541 514 13 55 54 0
296 11785713 1 5 55 2 527 39 500 52 53 0
297 11785713 1 5 56 54 500 527 473 51 52 53
298 11785713 1 5 57 55 473 446 500 50 51 52
299 11785713 1 5 58 56 446 473 419 49 50 51
300 11785713 1 5 59 57 419 446 392 48 49 50
301 11785713 1 5 60 58 392 419 365 47 48 49
302 11785713 1 5 61 59 365 392 338 46 47 48
303 11785713 1 5 62 60 338 311 365 45 46 47
304 11785713 1 5 63 61 311 338 284 44 45 46
305 11785713 1 5 64 62 284 311 257 43 44 45
306 11785713 1 5 65 63 257 230 284 42 43 44
307 11785713 1 5 66 64 230 257 203 41 42 43
308 11785713 1 5 67 65 203 230 176 40 41 42
309 11785713 1 5 4 66 176 79 203 3 40 41
310 7678573 0 8 156 190 3 69 191 40 155 12
311 7678573 0 8 155 191 68 70 190 192 154 156
312 7678565 0 8 154 192 69 71 155 191 193 153
313 7678565 0 8 153 193 70 72 152 192 154 194
314 7678573 0 8 152 194 71 73 153 193 195 151
315 7678573 0 8 151 195 72 5 152 170 11 194
316 7678571 0 8 137 171 6 75 136 10 169 172
317 7678572 0 8 136 172 74 76 137 135 171 173
318 7678570 0 8 135 173 75 77 174 136 172 134
319 7678571 0 8 134 174 76 78 173 175 133 135
320 7678571 0 8 133 175 77 79 174 176 132 134
321 7678571 0 8 132 176 78 4 175 67 133 9
322 7678573 0 8 150 177 5 81 170 11 178 149
323 7678569 0 8 149 178 80 82 177 148 179 150
324 7678569 0 8 148 179 81 83 147 178 149 180
325 7678573 0 8 147 180 82 84 146 148 179 181
326 7678569 0 8 146 181 83 85 182 145 147 180
327 7678569 0 8 145 182 84 86 144 183 146 181
328 7678573 0 8 144 183 85 87 182 145 184 143
329 7678569 0 8 143 184 86 88 144 183 185 142
330 7678569 0 8 142 185 87 89 184 186 141 143
331 7678573 0 8 141 186 88 90 185 140 187 142
332 7678571 0 8 140 187 89 91 139 186 141 188
333 7678571 0 8 139 188 90 92 138 140 187 189
334 7678571 0 8 138 189 91 6 10 139 169 188
469 13598900 4 5 865 94 7 131 866 2 39 38
470 13598902 4 5 866 95 93 865 867 39 38 37
471 13598900 4 5 867 96 94 866 868 38 37 36
472 13598899 4 5 868 97 95 867 869 37 36 35
473 13598902 4 5 869 98 96 870 868 36 35 34
474 13598900 4 5 870 99 97 869 845 35 34 33
475 13598897 4 5 845 100 98 870 852 34 33 32
476 13598900 4 5 852 101 99 853 845 33 32 31
477 13598901 4 5 853 102 100 854 852 32 31 30
478 13598900 4 5 854 103 101 855 853 31 30 29
479 13598904 4 5 855 104 102 854 856 30 29 28
480 13598897 4 5 856 105 103 855 857 29 28 27
481 13598897 4 5 857 106 104 856 858 28 27 26
482 13598904 4 5 858 107 105 857 859 27 26 25
483 13598897 4 5 859 108 106 858 860 26 25 24
484 13598897 4 5 860 109 107 859 861 25 24 23
485 13598904 4 5 861 110 108 862 860 24 23 22
486 13598897 4 5 862 111 109 863 861 23 22 21
487 13598897 4 5 863 112 110 862 864 22 21 20
488 13598904 4 5 864 113 111 863 844 21 20 19
489 13598904 4 5 844 114 112 846 864 20 19 18
490 13598904 4 5 846 115 113 847 844 19 18 17
491 13598904 4 5 847 116 114 846 848 18 17 16
492 13598889 4 5 848 117 115 847 849 17 16 15
493 13598889 4 5 849 118 116 848 850 16 15 14
494 13598905 4 5 850 119 117 849 851 15 14 13
495 13598905 4 5 851 8 118 850 157 14 13 1
496 13598897 1 5 121 9 568 132 595 167 168 12
497 13598904 1 5 122 120 595 622 568 166 167 168
498 13598904 1 5 123 121 622 649 595 165 166 167
499 13598897 1 5 124 122 649 622 676 164 165 166
500 13598901 1 5 125 123 676 703 649 163 164 165
501 13598901 1 5 126 124 703 730 676 162 163 164
502 13598901 1 5 127 125 730 703 757 161 162 163
503 13598901 1 5 128 126 757 784 730 160 161 162
504 13598899 1 5 129 127 784 811 757 159 160 161
505 13598900 1 5 130 128 811 838 784 158 159 160
506 13598900 1 5 131 129 838 865 811 157 158 159
507 13598900 1 5 7 130 865 838 93 157 158 0
508 8585162 0 8 568 79 133 9 78 120 569 4
509 8585163 0 8 569 78 134 132 79 568 570 77
510 8585163 0 8 570 77 135 133 78 569 571 76
511 8585162 0 8 571 76 136 134 570 75 572 77
512 8585164 0 8 572 75 137 135 74 571 76 573
513 8585163 0 8 573 74 10 136 548 6 75 572
514 8585163 0 8 555 92 139 10 548 6 91 556
515 8585163 0 8 556 91 140 138 90 555 92 557
516 8585163 0 8 557 90 141 139 558 89 91 556
517 8585165 0 8 558 89 142 140 559 88 90 557
518 8585161 0 8 559 88 143 141 558 87 560 89
519 8585161 0 8 560 87 144 142 86 559 88 561
520 8585165 0 8 561 86 145 143 87 560 562 85
521 8585161 0 8 562 85 146 144 86 561 563 84
522 8585161 0 8 563 84 147 145 562 83 564 85
523 8585165 0 8 564 83 148 146 82 563 84 565
524 8585161 0 8 565 82 149 147 566 81 83 564
525 8585161 0 8 566 81 150 148 567 80 82 565
526 8585165 0 8 567 80 11 149 566 5 81 547
527 8585165 0 8 549 73 152 11 550 5 72 547
528 8585165 0 8 550 72 153 151 551 73 549 71
529 8585156 0 8 551 71 154 152 550 552 70 72
530 8585156 0 8 552 70 155 153 551 553 71 69
531 8585165 0 8 553 69 156 154 70 552 554 68
532 8585165 0 8 554 68 12 155 168 553 69 3
533 13598905 3 5 8 158 851 824 119 131 130 0
534 13598905 3 5 157 159 824 851 797 131 130 129
535 13598905 3 5 158 160 797 824 770 130 129 128
536 13598903 3 5 159 161 770 743 797 129 128 127
537 13598907 3 5 160 162 743 770 716 128 127 126
538 13598905 3 5 161 163 716 743 689 127 126 125
539 13598903 3 5 162 164 689 662 716 126 125 124
540 13598905 3 5 163 165 662 689 635 125 124 123
541 13598902 3 5 164 166 635 662 608 124 123 122
542 13598909 3 5 165 167 608 635 581 123 122 121
543 13598909 3 5 166 168 581 608 554 122 121 120
544 13598902 3 5 167 12 554 156 581 121 120 9
1691 11785711 0 8 6 196 189 171 198 216 74 92
1692 11785718 0 8 5 197 195 177 222 80 73 204
1693 11785714 0 8 74 198 169 172 199 6 75 196
1694 11785716 0 8 75 199 171 173 198 200 74 76
1695 11785713 0 8 76 200 172 174 199 201 75 77
1696 11785714 0 8 77 201 173 175 78 200 202 76
1697 11785715 0 8 78 202 174 176 79 201 203 77
1698 11785713 0 8 79 203 175 67 78 4 202 66
1699 11785718 0 8 80 204 170 178 5 81 205 197
1700 11785711 0 8 81 205 177 179 206 80 82 204
1701 11785711 0 8 82 206 178 180 207 81 83 205
1702 11785717 0 8 83 207 179 181 206 208 82 84
1703 11785711 0 8 84 208 180 182 207 209 83 85
1704 11785711 0 8 85 209 181 183 86 208 210 84
1705 11785718 0 8 86 210 182 184 87 209 211 85
1706 11785711 0 8 87 211 183 185 86 88 210 212
1707 11785711 0 8 88 212 184 186 87 89 211 213
1708 11785717 0 8 89 213 185 187 214 88 90 212
1709 11785714 0 8 90 214 186 188 215 89 91 213
1710 11785714 0 8 91 215 187 189 214 216 90 92
1711 11785714 0 8 92 216 188 169 215 6 91 196
1712 11785718 0 8 68 217 40 191 41 218 69 3
1713 11785718 0 8 69 218 190 192 70 217 219 68
1714 11785704 0 8 70 219 191 193 71 218 220 69
1715 11785704 0 8 71 220 192 194 70 72 219 221
1716 11785718 0 8 72 221 193 195 222 71 73 220
1717 11785718 0 8 73 222 194 170 197 72 5 221
1718 11785711 0 8 169 223 216 198 225 243 171 189
1719 11785718 0 8 170 224 222 204 231 177 195 249
1720 11785714 0 8 171 225 196 199 223 169 226 172
1721 11785716 0 8 172 226 198 200 225 227 171 173
1722 11785713 0 8 173 227 199 201 174 172 226 228
1723 11785714 0 8 174 228 200 202 173 175 227 229
1724 11785715 0 8 175 229 201 203 174 176 228 230
1725 11785713 0 8 176 230 202 66 175 65 67 229
1726 11785718 0 8 177 231 197 205 232 224 178 170
1727 11785711 0 8 178 232 204 206 231 177 179 233
1728 11785711 0 8 179 233 205 207 232 234 178 180
1729 11785717 0 8 180 234 206 208 235 233 179 181
1730 11785711 0 8 181 235 207 209 182 234 236 180
1731 11785711 0 8 182 236 208 210 183 237 235 181
1732 11785718 0 8 183 237 209 211 238 184 236 182
1733 11785711 0 8 184 238 210 212 239 183 185 237
1734 11785711 0 8 185 239 211 213 238 240 184 186
1735 11785717 0 8 186 240 212 214 239 241 185 187
1736 11785714 0 8 187 241 213 215 240 242 186 188
1737 11785714 0 8 188 242 214 216 189 241 243 187
1738 11785714 0 8 189 243 215 196 223 169 242 188
1739 11785718 0 8 190 244 41 218 191 40 42 245
1740 11785718 0 8 191 245 217 219 246 190 192 244
1741 11785704 0 8 192 246 218 220 247 191 193 245
1742 11785704 0 8 193 247 219 221 246 248 192 194
1743 11785718 0 8 194 248 220 222 247 249 193 195
1744 11785718 0 8 195 249 221 197 224 248 194 170
1745 11785711 0 8 196 250 243 225 270 198 216 252
1746 11785718 0 8 197 251 249 231 222 258 276 204
1747 11785714 0 8 198 252 223 226 199 250 196 253
1748 11785716 0 8 199 253 225 227 254 198 200 252
1749 11785713 0 8 200 254 226 228 255 199 201 253
1750 11785714 0 8 201 255 227 229 254 256 200 202
1751 11785715 0 8 202 256 228 230 255 257 201 203
1752 11785713 0 8 203 257 229 65 256 202 66 64
1753 11785718 0 8 204 258 224 232 259 205 251 197
1754 11785711 0 8 205 259 231 233 206 258 260 204
1755 11785711 0 8 206 260 232 234 207 205 259 261
1756 11785717 0 8 207 261 233 235 206 208 262 260
1757 11785711 0 8 208 262 234 236 207 209 263 261
1758 11785711 0 8 209 263 235 237 262 208 210 264
1759 11785718 0 8 210 264 236 238 263 209 211 265
1760 11785711 0 8 211 265 237 239 264 210 212 266
1761 11785711 0 8 212 266 238 240 267 265 211 213
1762 11785717 0 8 213 267 239 241 214 268 266 212
1763 11785714 0 8 214 268 240 242 215 269 267 213
1764 11785714 0 8 215 269 241 243 270 216 268 214
1765 11785714 0 8 216 270 242 223 215 250 196 269
1766 11785718 0 8 217 271 42 245 272 41 218 43
1767 11785718 0 8 218 272 244 246 271 273 219 217
1768 11785704 0 8 219 273 245 247 272 218 274 220
1769 11785704 0 8 220 274 246 248 219 273 275 221
1770 11785718 0 8 221 275 247 249 222 274 220 276
1771 11785718 0 8 222 276 248 224 251 197 275 221
1772 11785711 0 8 223 277 270 252 297 279 225 243
1773 11785718 0 8 224 278 276 258 303 249 231 285
1774 11785714 0 8 225 279 250 253 223 280 226 277
1775 11785716 0 8 226 280 252 254 279 281 227 225
1776 11785713 0 8 227 281 253 255 280 226 282 228
1777 11785714 0 8 228 282 254 256 227 281 283 229
1778 11785715 0 8 229 283 255 257 230 282 228 284
1779 11785713 0 8 230 284 256 64 63 65 283 229
1780 11785718 0 8 231 285 251 259 278 286 224 232
1781 11785711 0 8 232 286 258 260 287 233 231 285
1782 11785711 0 8 233 287 259 261 286 232 288 234
1783 11785717 0 8 234 288 260 262 287 289 235 233
1784 11785711 0 8 235 289 261 263 288 234 290 236
1785 11785711 0 8 236 290 262 264 235 289 291 237
1786 11785718 0 8 237 291 263 265 238 290 236 292
1787 11785711 0 8 238 292 264 266 239 237 291 293
1788 11785711 0 8 239 293 265 267 238 294 240 292
1789 11785717 0 8 240 294 266 268 239 241 295 293
1790 11785714 0 8 241 295 267 269 294 240 296 242
1791 11785714 0 8 242 296 268 270 297 295 241 243
1792 11785714 0 8 243 297 269 250 223 296 242 277
1793 11785718 0 8 244 298 43 272 42 299 44 245
1794 11785718 0 8 245 299 271 273 246 298 244 300
1795 11785704 0 8 246 300 272 274 247 301 299 245
1796 11785704 0 8 247 301 273 275 302 246 248 300
1797 11785718 0 8 248 302 274 276 303 249 247 301
1798 11785718 0 8 249 303 275 251 302 278 248 224
1799 11785711 0 8 250 304 297 279 270 324 306 252
1800 11785718 0 8 251 305 303 285 330 312 258 276
1801 11785714 0 8 252 306 277 280 304 250 307 253
1802 11785716 0 8 253 307 279 281 252 254 306 308
1803 11785713 0 8 254 308 280 282 255 253 307 309
1804 11785714 0 8 255 309 281 283 310 254 256 308
1805 11785715 0 8 256 310 282 284 311 257 255 309
1806 11785713 0 8 257 311 283 63 310 62 256 64
1807 11785718 0 8 258 312 278 286 313 305 251 259
1808 11785711 0 8 259 313 285 287 260 312 314 258
1809 11785711 0 8 260 314 286 288 259 313 315 261
1810 11785717 0 8 261 315 287 289 260 262 314 316
1811 11785711 0 8 262 316 288 290 263 261 315 317
1812 11785711 0 8 263 317 289 291 318 262 264 316
1813 11785718 0 8 264 318 290 292 319 265 263 317
1814 11785711 0 8 265 319 291 293 318 320 264 266
1815 11785711 0 8 266 320 292 294 319 321 267 265
1816 11785717 0 8 267 321 293 295 268 320 322 266
1817 11785714 0 8 268 322 294 296 267 321 323 269
1818 11785714 0 8 269 323 295 297 270 268 322 324
1819 11785714 0 8 270 324 296 277 304 250 323 269
1820 11785718 0 8 271 325 44 299 326 272 43 45
1821 11785718 0 8 272 326 298 300 271 273 327 325
1822 11785704 0 8 273 327 299 301 326 272 274 328
1823 11785704 0 8 274 328 300 302 327 273 275 329
1824 11785718 0 8 275 329 301 303 330 328 274 276
1825 11785718 0 8 276 330 302 278 251 305 275 329
1826 11785711 0 8 277 331 324 306 351 279 297 333
1827 11785718 0 8 278 332 330 312 303 339 357 285
1828 11785714 0 8 279 333 304 307 334 280 331 277
1829 11785716 0 8 280 334 306 308 335 281 279 333
1830 11785713 0 8 281 335 307 309 334 336 280 282
1831 11785714 0 8 282 336 308 310 281 335 337 283
1832 11785715 0 8 283 337 309 311 336 338 282 284
1833 11785713 0 8 284 338 310 62 63 337 283 61
1834 11785718 0 8 285 339 305 313 278 286 332 340
1835 11785711 0 8 286 340 312 314 287 285 339 341
1836 11785711 0 8 287 341 313 315 342 286 288 340
1837 11785717 0 8 288 342 314 316 343 289 287 341
1838 11785711 0 8 289 343 315 317 342 344 288 290
1839 11785711 0 8 290 344 316 318 289 343 345 291
1840 11785718 0 8 291 345 317 319 344 346 290 292
1841 11785711 0 8 292 346 318 320 291 345 347 293
1842 11785711 0 8 293 347 319 321 294 346 348 292
1843 11785717 0 8 294 348 320 322 295 293 347 349
1844 11785714 0 8 295 349 321 323 350 294 296 348
1845 11785714 0 8 296 350 322 324 351 297 295 349
1846 11785714 0 8 297 351 323 304 350 296 331 277
1847 11785718 0 8 298 352 45 326 46 353 299 44
1848 11785718 0 8 299 353 325 327 352 354 298 300
1849 11785704 0 8 300 354 326 328 299 353 355 301
1850 11785704 0 8 301 355 327 329 302 354 356 300
1851 11785718 0 8 302 356 328 330 303 301 355 357
1852 11785718 0 8 303 357 329 305 302 278 332 356
1853 11785711 0 8 304 358 351 333 378 360 306 324
1854 11785718 0 8 305 359 357 339 366 312 330 384
1855 11785714 0 8 306 360 331 334 358 304 361 307
1856 11785716 0 8 307 361 333 335 360 306 308 362
1857 11785713 0 8 308 362 334 336 361 363 307 309
1858 11785714 0 8 309 363 335 337 310 364 362 308
1859 11785715 0 8 310 364 336 338 311 363 365 309
1860 11785713 0 8 311 365 337 61 310 364 62 60
1861 11785718 0 8 312 366 332 340 359 367 305 313
1862 11785711 0 8 313 367 339 341 366 368 312 314
1863 11785711 0 8 314 368 340 342 367 369 315 313
1864 11785717 0 8 315 369 341 343 316 368 370 314
1865 11785711 0 8 316 370 342 344 315 369 371 317
1866 11785711 0 8 317 371 343 345 316 318 370 372
1867 11785718 0 8 318 372 344 346 319 317 371 373
1868 11785711 0 8 319 373 345 347 374 318 320 372
1869 11785711 0 8 320 374 346 348 375 321 319 373
1870 11785717 0 8 321 375 347 349 374 376 320 322
1871 11785714 0 8 322 376 348 350 375 377 323 321
1872 11785714 0 8 323 377 349 351 324 376 378 322
1873 11785714 0 8 324 378 350 331 358 304 377 323
1874 11785718 0 8 325 379 46 353 326 47 380 45
1875 11785718 0 8 326 380 352 354 327 325 379 381
1876 11785704 0 8 327 381 353 355 382 326 328 380
1877 11785704 0 8 328 382 354 356 383 329 327 381
1878 11785718 0 8 329 383 355 357 382 384 328 330
1879 11785718 0 8 330 384 356 332 359 383 305 329
1880 11785711 0 8 331 385 378 360 351 333 387 405
1881 11785718 0 8 332 386 384 366 393 339 411 357
1882 11785714 0 8 333 387 358 361 334 385 331 388
1883 11785716 0 8 334 388 360 362 335 333 387 389
1884 11785713 0 8 335 389 361 363 334 336 390 388
1885 11785714 0 8 336 390 362 364 335 337 391 389
1886 11785715 0 8 337 391 363 365 390 336 338 392
1887 11785713 0 8 338 392 364 60 391 337 59 61
1888 11785718 0 8 339 393 359 367 394 332 386 340
1889 11785711 0 8 340 394 366 368 395 393 339 341
1890 11785711 0 8 341 395 367 369 342 396 394 340
1891 11785717 0 8 342 396 368 370 343 397 395 341
1892 11785711 0 8 343 397 369 371 398 344 342 396
1893 11785711 0 8 344 398 370 372 343 399 345 397
1894 11785718 0 8 345 399 371 373 398 400 346 344
1895 11785711 0 8 346 400 372 374 399 345 401 347
1896 11785711 0 8 347 401 373 375 400 402 348 346
1897 11785717 0 8 348 402 374 376 401 347 403 349
1898 11785714 0 8 349 403 375 377 350 348 402 404
1899 11785714 0 8 350 404 376 378 351 403 349 405
1900 11785714 0 8 351 405 377 358 350 385 331 404
1901 11785718 0 8 352 406 47 380 46 407 48 353
1902 11785718 0 8 353 407 379 381 406 408 354 352
1903 11785704 0 8 354 408 380 382 407 353 409 355
1904 11785704 0 8 355 409 381 383 408 410 356 354
1905 11785718 0 8 356 410 382 384 409 355 411 357
1906 11785718 0 8 357 411 383 359 386 332 410 356
1907 11785711 0 8 358 412 405 387 414 432 378 360
1908 11785718 0 8 359 413 411 393 366 384 420 438
1909 11785714 0 8 360 414 385 388 358 415 361 412
1910 11785716 0 8 361 415 387 389 414 416 362 360
1911 11785713 0 8 362 416 388 390 415 361 417 363
1912 11785714 0 8 363 417 389 391 416 418 364 362
1913 11785715 0 8 364 418 390 392 417 363 419 365
1914 11785713 0 8 365 419 391 59 418 58 60 364
1915 11785718 0 8 366 420 386 394 421 367 359 413
1916 11785711 0 8 367 421 393 395 366 368 422 420
1917 11785711 0 8 368 422 394 396 367 423 369 421
1918 11785717 0 8 369 423 395 397 422 368 370 424
1919 11785711 0 8 370 424 396 398 423 369 425 371
1920 11785711 0 8 371 425 397 399 426 424 370 372
1921 11785718 0 8 372 426 398 400 425 371 427 373
1922 11785711 0 8 373 427 399 401 374 428 426 372
1923 11785711 0 8 374 428 400 402 429 375 427 373
1924 11785717 0 8 375 429 401 403 430 376 374 428
1925 11785714 0 8 376 430 402 404 429 431 377 375
1926 11785714 0 8 377 431 403 405 430 432 378 376
1927 11785714 0 8 378 432 404 385 358 431 377 412
1928 11785718 0 8 379 433 48 407 47 49 434 380
1929 11785718 0 8 380 434 406 408 379 433 435 381
1930 11785704 0 8 381 435 407 409 382 380 434 436
1931 11785704 0 8 382 436 408 410 383 381 435 437
1932 11785718 0 8 383 437 409 411 438 384 382 436
1933 11785718 0 8 384 438 410 386 413 383 359 437
1934 11785711 0 8 385 439 432 414 459 441 387 405
1935 11785718 0 8 386 440 438 420 447 465 411 393
1936 11785714 0 8 387 441 412 415 439 385 442 388
1937 11785716 0 8 388 442 414 416 387 441 443 389
1938 11785713 0 8 389 443 415 417 390 388 442 444
1939 11785714 0 8 390 444 416 418 391 389 443 445
1940 11785715 0 8 391 445 417 419 446 392 390 444
1941 11785713 0 8 392 446 418 58 391 57 59 445
1942 11785718 0 8 393 447 413 421 448 440 394 386
1943 11785711 0 8 394 448 420 422 447 449 395 393
1944 11785711 0 8 395 449 421 423 394 448 450 396
1945 11785717 0 8 396 450 422 424 395 449 451 397
1946 11785711 0 8 397 451 423 425 398 396 450 452
1947 11785711 0 8 398 452 424 426 399 397 451 453
1948 11785718 0 8 399 453 425 427 398 454 400 452
1949 11785711 0 8 400 454 426 428 399 401 455 453
1950 11785711 0 8 401 455 427 429 454 400 456 402
1951 11785717 0 8 402 456 428 430 457 455 401 403
1952 11785714 0 8 403 457 429 431 456 402 458 404
1953 11785714 0 8 404 458 430 432 459 457 403 405
1954 11785714 0 8 405 459 431 412 439 385 458 404
1955 11785718 0 8 406 460 49 434 407 48 50 461
1956 11785718 0 8 407 461 433 435 462 408 406 460
1957 11785704 0 8 408 462 434 436 463 407 409 461
1958 11785704 0 8 409 463 435 437 462 464 410 408
1959 11785718 0 8 410 464 436 438 463 465 409 411
1960 11785718 0 8 411 465 437 413 440 464 386 410
1961 11785711 0 8 412 466 459 441 414 432 468 486
1962 11785718 0 8 413 467 465 447 438 474 492 420
1963 11785714 0 8 414 468 439 442 415 466 412 469
1964 11785716 0 8 415 469 441 443 470 416 414 468
1965 11785713 0 8 416 470 442 444 471 415 417 469
1966 11785714 0 8 417 471 443 445 470 472 418 416
1967 11785715 0 8 418 472 444 446 471 473 417 419
1968 11785713 0 8 419 473 445 57 418 472 58 56
1969 11785718 0 8 420 474 440 448 475 421 467 413
1970 11785711 0 8 421 475 447 449 422 420 474 476
1971 11785711 0 8 422 476 448 450 421 423 475 477
1972 11785717 0 8 423 477 449 451 478 424 422 476
1973 11785711 0 8 424 478 450 452 479 423 425 477
1974 11785711 0 8 425 479 451 453 478 480 426 424
1975 11785718 0 8 426 480 452 454 479 481 425 427
1976 11785711 0 8 427 481 453 455 426 480 482 428
1977 11785711 0 8 428 482 454 456 481 483 427 429
1978 11785717 0 8 429 483 455 457 430 428 482 484
1979 11785714 0 8 430 484 456 458 429 431 483 485
1980 11785714 0 8 431 485 457 459 430 432 484 486
1981 11785714 0 8 432 486 458 439 431 466 412 485
1982 11785718 0 8 433 487 50 461 488 49 434 51
1983 11785718 0 8 434 488 460 462 487 433 435 489
1984 11785704 0 8 435 489 461 463 488 490 434 436
1985 11785704 0 8 436 490 462 464 491 489 435 437
1986 11785718 0 8 437 491 463 465 438 490 492 436
1987 11785718 0 8 438 492 464 440 413 491 467 437
1988 11785711 0 8 439 493 486 468 495 441 459 513
1989 11785718 0 8 440 494 492 474 447 465 519 501
1990 11785714 0 8 441 495 466 469 439 496 442 493
1991 11785716 0 8 442 496 468 470 495 497 441 443
1992 11785713 0 8 443 497 469 471 496 498 442 444
1993 11785714 0 8 444 498 470 472 445 497 499 443
1994 11785715 0 8 445 499 471 473 446 498 500 444
1995 11785713 0 8 446 500 472 56 55 57 499 445
1996 11785718 0 8 447 501 467 475 494 448 502 440
1997 11785711 0 8 448 502 474 476 503 447 449 501
1998 11785711 0 8 449 503 475 477 502 504 448 450
1999 11785717 0 8 450 504 476 478 503 505 449 451
2000 11785711 0 8 451 505 477 479 504 506 450 452
2001 11785711 0 8 452 506 478 480 453 505 507 451
2002 11785718 0 8 453 507 479 481 454 506 508 452
2003 11785711 0 8 454 508 480 482 453 455 507 509
2004 11785711 0 8 455 509 481 483 510 454 456 508
2005 11785717 0 8 456 510 482 484 511 455 457 509
2006 11785714 0 8 457 511 483 485 510 512 456 458
2007 11785714 0 8 458 512 484 486 511 513 457 459
2008 11785714 0 8 459 513 485 466 439 512 458 493
2009 11785718 0 8 460 514 51 488 50 515 52 461
2010 11785718 0 8 461 515 487 489 462 514 516 460
2011 11785704 0 8 462 516 488 490 463 461 515 517
2012 11785704 0 8 463 517 489 491 462 464 518 516
2013 11785718 0 8 464 518 490 492 463 465 519 517
2014 11785718 0 8 465 519 491 467 494 518 464 440
2015 11785711 0 8 466 520 513 495 486 522 468 540
2016 11785718 0 8 467 521 519 501 528 474 546 492
2017 11785714 0 8 468 522 493 496 520 466 523 469
2018 11785716 0 8 469 523 495 497 470 524 522 468
2019 11785713 0 8 470 524 496 498 471 525 523 469
2020 11785714 0 8 471 525 497 499 526 472 524 470
2021 11785715 0 8 472 526 498 500 527 473 471 525
2022 11785713 0 8 473 527 499 55 526 472 54 56
2023 11785718 0 8 474 528 494 502 475 529 467 521
2024 11785711 0 8 475 529 501 503 528 474 530 476
2025 11785711 0 8 476 530 502 504 475 529 531 477
2026 11785717 0 8 477 531 503 505 478 530 476 532
2027 11785711 0 8 478 532 504 506 479 477 531 533
2028 11785711 0 8 479 533 505 507 534 480 532 478
2029 11785718 0 8 480 534 506 508 535 481 479 533
2030 11785711 0 8 481 535 507 509 534 480 536 482
2031 11785711 0 8 482 536 508 510 535 537 483 481
2032 11785717 0 8 483 537 509 511 536 482 538 484
2033 11785714 0 8 484 538 510 512 483 537 539 485
2034 11785714 0 8 485 539 511 513 486 538 484 540
2035 11785714 0 8 486 540 512 493 520 466 539 485
2036 11785718 0 8 487 541 52 515 542 488 51 53
2037 11785718 0 8 488 542 514 516 543 489 487 541
2038 11785704 0 8 489 543 515 517 542 488 544 490
2039 11785704 0 8 490 544 516 518 543 545 491 489
2040 11785718 0 8 491 545 517 519 544 490 546 492
2041 11785718 0 8 492 546 518 494 491 545 467 521
2042 11785711 0 8 493 33 540 522 495 32 513 34
2043 11785718 0 8 494 19 546 528 519 18 20 501
2044 11785714 0 8 495 34 520 523 496 33 35 493
2045 11785716 0 8 496 35 522 524 495 497 34 36
2046 11785713 0 8 497 36 523 525 496 498 35 37
2047 11785714 0 8 498 37 524 526 38 497 499 36
2048 11785715 0 8 499 38 525 527 39 498 500 37
2049 11785713 0 8 500 39 526 54 38 55 499 2
2050 11785718 0 8 501 20 521 529 494 502 19 21
2051 11785711 0 8 502 21 528 530 22 503 20 501
2052 11785711 0 8 503 22 529 531 502 23 504 21
2053 11785717 0 8 504 23 530 532 22 503 24 505
2054 11785711 0 8 505 24 531 533 23 504 25 506
2055 11785711 0 8 506 25 532 534 24 505 26 507
2056 11785718 0 8 507 26 533 535 25 506 27 508
2057 11785711 0 8 508 27 534 536 26 507 28 509
2058 11785711 0 8 509 28 535 537 510 27 508 29
2059 11785717 0 8 510 29 536 538 30 511 28 509
2060 11785714 0 8 511 30 537 539 510 31 512 29
2061 11785714 0 8 512 31 538 540 30 511 32 513
2062 11785714 0 8 513 32 539 520 31 512 33 493
2063 11785718 0 8 514 13 53 542 14 1 515 52
2064 11785718 0 8 515 14 541 543 15 514 516 13
2065 11785704 0 8 516 15 542 544 14 16 515 517
2066 11785704 0 8 517 16 543 545 518 15 17 516
2067 11785718 0 8 518 17 544 546 519 16 18 517
2068 11785718 0 8 519 18 545 521 494 518 17 19
2909 13598909 0 8 574 11 549 567 576 594 150 151
2910 13598901 0 8 575 10 555 573 582 137 138 600
2911 13598909 0 8 576 151 550 547 152 577 11 574
2912 13598909 0 8 577 152 551 549 153 576 578 151
2913 13598894 0 8 578 153 552 550 152 154 577 579
2914 13598894 0 8 579 154 553 551 153 155 578 580
2915 13598909 0 8 580 155 554 552 154 156 579 581
2916 13598902 0 8 581 156 168 553 155 12 580 167
2917 13598905 0 8 582 138 556 548 575 583 10 139
2918 13598905 0 8 583 139 557 555 582 138 140 584
2919 13598905 0 8 584 140 558 556 583 139 585 141
2920 13598908 0 8 585 141 559 557 586 584 140 142
2921 13598901 0 8 586 142 560 558 585 141 587 143
2922 13598901 0 8 587 143 561 559 144 588 586 142
2923 13598909 0 8 588 144 562 560 589 145 587 143
2924 13598901 0 8 589 145 563 561 144 146 590 588
2925 13598901 0 8 590 146 564 562 145 591 147 589
2926 13598908 0 8 591 147 565 563 590 146 148 592
2927 13598901 0 8 592 148 566 564 591 147 593 149
2928 13598901 0 8 593 149 567 565 594 592 148 150
2929 13598909 0 8 594 150 547 566 574 11 593 149
2930 13598897 0 8 595 132 569 120 9 121 596 133
2931 13598898 0 8 596 133 570 568 132 595 134 597
2932 13598904 0 8 597 134 571 569 598 133 596 135
2933 13598903 0 8 598 135 572 570 136 599 134 597
2934 13598907 0 8 599 136 573 571 598 137 600 135
2935 13598905 0 8 600 137 548 572 136 599 10 575
2936 13598902 0 8 601 547 576 594 567 603 549 621
2937 13598894 0 8 602 548 582 600 609 555 573 627
2938 13598902 0 8 603 549 577 574 550 601 547 604
2939 13598902 0 8 604 550 578 576 551 603 549 605
2940 13598887 0 8 605 551 579 577 550 552 606 604
2941 13598887 0 8 606 552 580 578 551 607 553 605
2942 13598902 0 8 607 553 581 579 606 552 554 608
2943 13598909 0 8 608 554 167 580 168 607 553 166
2944 13598898 0 8 609 555 583 575 548 610 602 556
2945 13598898 0 8 610 556 584 582 609 555 611 557
2946 13598898 0 8 611 557 585 583 558 612 610 556
2947 13598901 0 8 612 558 586 584 613 559 611 557
2948 13598894 0 8 613 559 587 585 614 560 558 612
2949 13598894 0 8 614 560 588 586 559 615 561 613
2950 13598902 0 8 615 561 589 587 614 616 562 560
2951 13598894 0 8 616 562 590 588 615 561 617 563
2952 13598894 0 8 617 563 591 589 562 616 618 564
2953 13598901 0 8 618 564 592 590 617 563 619 565
2954 13598894 0 8 619 565 593 591 566 564 618 620
2955 13598894 0 8 620 566 594 592 567 619 565 621
2956 13598902 0 8 621 567 574 593 566 601 547 620
2957 13598904 0 8 622 568 596 121 120 623 122 569
2958 13598905 0 8 623 569 597 595 622 624 570 568
2959 13598897 0 8 624 570 598 596 623 569 625 571
2960 13598896 0 8 625 571 599 597 570 624 626 572
2961 13598900 0 8 626 572 600 598 625 571 627 573
2962 13598898 0 8 627 573 575 599 548 602 626 572
2963 13598902 0 8 628 574 603 621 630 648 594 576
2964 13598894 0 8 629 575 609 627 582 600 636 654
2965 13598902 0 8 630 576 604 601 574 631 577 628
2966 13598902 0 8 631 577 605 603 630 632 578 576
2967 13598887 0 8 632 578 606 604 631 577 633 579
2968 13598887 0 8 633 579 607 605 578 632 634 580
2969 13598902 0 8 634 580 608 606 633 579 635 581
2970 13598909 0 8 635 581 166 607 634 165 580 167
2971 13598898 0 8 636 582 610 602 637 583 575 629
2972 13598898 0 8 637 583 611 609 582 638 584 636
2973 13598898 0 8 638 584 612 610 583 639 585 637
2974 13598901 0 8 639 585 613 611 638 584 640 586
2975 13598894 0 8 640 586 614 612 639 585 641 587
2976 13598894 0 8 641 587 615 613 640 586 642 588
2977 13598902 0 8 642 588 616 614 641 587 643 589
2978 13598894 0 8 643 589 617 615 590 642 588 644
2979 13598894 0 8 644 590 618 616 645 591 643 589
2980 13598901 0 8 645 591 619 617 646 592 590 644
2981 13598894 0 8 646 592 620 618 647 591 593 645
2982 13598894 0 8 647 593 621 619 646 648 594 592
2983 13598902 0 8 648 594 601 620 574 647 593 628
2984 13598904 0 8 649 595 623 122 121 123 650 596
2985 13598905 0 8 650 596 624 622 649 651 595 597
2986 13598897 0 8 651 597 625 623 598 596 650 652
2987 13598896 0 8 652 598 626 624 597 599 651 653
2988 13598900 0 8 653 599 627 625 654 600 598 652
2989 13598898 0 8 654 600 602 626 575 629 599 653
2990 13598912 0 8 655 601 630 648 675 657 603 621
2991 13598905 0 8 656 602 636 654 663 681 609 627
2992 13598909 0 8 657 603 631 628 655 601 658 604
2993 13598909 0 8 658 604 632 630 657 659 603 605
2994 13598894 0 8 659 605 633 631 606 604 658 660
2995 13598894 0 8 660 606 634 632 605 607 659 661
2996 13598909 0 8 661 607 635 633 662 608 606 660
2997 13598902 0 8 662 608 165 634 607 164 166 661
2998 13598905 0 8 663 609 637 629 610 664 656 602
2999 13598905 0 8 664 610 638 636 663 665 609 611
3000 13598905 0 8 665 611 639 637 610 664 666 612
3001 13598908 0 8 666 612 640 638 665 667 611 613
3002 13598901 0 8 667 613 641 639 614 612 666 668
3003 13598901 0 8 668 614 642 640 613 615 667 669
3004 13598909 0 8 669 615 643 641 614 616 668 670
3005 13598901 0 8 670 616 644 642 615 617 671 669
3006 13598901 0 8 671 617 645 643 670 672 616 618
3007 13598908 0 8 672 618 646 644 671 617 619 673
3008 13598901 0 8 673 619 647 645 672 674 618 620
3009 13598901 0 8 674 620 648 646 675 673 619 621
3010 13598909 0 8 675 621 628 647 655 601 674 620
3011 13598897 0 8 676 622 650 123 623 122 124 677
3012 13598898 0 8 677 623 651 649 678 624 676 622
3013 13598908 0 8 678 624 652 650 679 623 625 677
3014 13598907 0 8 679 625 653 651 678 680 624 626
3015 13598910 0 8 680 626 654 652 679 681 625 627
3016 13598908 0 8 681 627 629 653 602 656 680 626
3017 13598905 0 8 682 628 657 675 630 648 702 684
3018 13598898 0 8 683 629 663 681 654 708 690 636
3019 13598905 0 8 684 630 658 655 631 682 628 685
3020 13598905 0 8 685 631 659 657 686 630 632 684
3021 13598890 0 8 686 632 660 658 687 631 633 685
3022 13598890 0 8 687 633 661 659 686 688 632 634
3023 13598905 0 8 688 634 662 660 687 689 633 635
3024 13598905 0 8 689 635 164 661 688 163 634 165
3025 13598901 0 8 690 636 664 656 637 691 683 629
3026 13598902 0 8 691 637 665 663 638 690 692 636
3027 13598901 0 8 692 638 666 664 637 639 691 693
3028 13598905 0 8 693 639 667 665 694 638 640 692
3029 13598898 0 8 694 640 668 666 695 639 641 693
3030 13598898 0 8 695 641 669 667 694 696 640 642
3031 13598905 0 8 696 642 670 668 695 697 641 643
3032 13598898 0 8 697 643 671 669 696 698 642 644
3033 13598898 0 8 698 644 672 670 645 697 699 643
3034 13598905 0 8 699 645 673 671 646 698 700 644
3035 13598898 0 8 700 646 674 672 645 647 699 701
3036 13598898 0 8 701 647 675 673 646 648 702 700
3037 13598905 0 8 702 648 655 674 647 682 628 701
3038 13598901 0 8 703 649 677 124 704 123 650 125
3039 13598902 0 8 704 650 678 676 703 649 651 705
3040 13598901 0 8 705 651 679 677 704 650 652 706
3041 13598900 0 8 706 652 680 678 707 705 651 653
3042 13598903 0 8 707 653 681 679 654 708 706 652
3043 13598901 0 8 708 654 656 680 707 629 683 653
3044 13598902 0 8 709 655 684 702 729 711 657 675
3045 13598894 0 8 710 656 690 708 663 681 735 717
3046 13598902 0 8 711 657 685 682 655 712 658 709
3047 13598902 0 8 712 658 686 684 711 713 659 657
3048 13598887 0 8 713 659 687 685 712 658 714 660
3049 13598887 0 8 714 660 688 686 659 713 715 661
3050 13598902 0 8 715 661 689 687 662 714 660 716
3051 13598902 0 8 716 662 163 688 162 164 715 661
3052 13598898 0 8 717 663 691 683 710 718 656 664
3053 13598898 0 8 718 664 692 690 719 665 663 717
3054 13598898 0 8 719 665 693 691 718 664 720 666
3055 13598901 0 8 720 666 694 692 719 721 667 665
3056 13598894 0 8 721 667 695 693 720 666 722 668
3057 13598894 0 8 722 668 696 694 667 721 723 669
3058 13598902 0 8 723 669 697 695 670 722 668 724
3059 13598894 0 8 724 670 698 696 671 669 723 725
3060 13598894 0 8 725 671 699 697 726 672 724 670
3061 13598901 0 8 726 672 700 698 727 673 671 725
3062 13598894 0 8 727 673 701 699 726 672 728 674
3063 13598894 0 8 728 674 702 700 727 729 675 673
3064 13598902 0 8 729 675 682 701 655 728 674 709
3065 13598901 0 8 730 676 704 125 124 731 126 677
3066 13598902 0 8 731 677 705 703 678 730 676 732
3067 13598897 0 8 732 678 706 704 679 677 731 733
3068 13598896 0 8 733 679 707 705 678 734 680 732
3069 13598900 0 8 734 680 708 706 679 681 735 733
3070 13598898 0 8 735 681 683 707 710 656 680 734
3071 13598902 0 8 736 682 711 729 756 702 738 684
3072 13598894 0 8 737 683 717 735 708 744 690 762
3073 13598902 0 8 738 684 712 709 736 682 739 685
3074 13598902 0 8 739 685 713 711 686 738 684 740
3075 13598887 0 8 740 686 714 712 687 741 739 685
3076 13598887 0 8 741 687 715 713 742 688 686 740
3077 13598902 0 8 742 688 716 714 743 689 687 741
3078 13598905 0 8 743 689 162 715 742 161 688 163
3079 13598898 0 8 744 690 718 710 737 691 745 683
3080 13598898 0 8 745 691 719 717 744 746 692 690
3081 13598898 0 8 746 692 720 718 691 745 747 693
3082 13598901 0 8 747 693 721 719 694 692 746 748
3083 13598894 0 8 748 694 722 720 695 693 747 749
3084 13598894 0 8 749 695 723 721 750 696 694 748
3085 13598902 0 8 750 696 724 722 751 697 695 749
3086 13598894 0 8 751 697 725 723 750 752 698 696
3087 13598894 0 8 752 698 726 724 751 753 699 697
3088 13598901 0 8 753 699 727 725 752 754 700 698
3089 13598894 0 8 754 700 728 726 699 753 755 701
3090 13598894 0 8 755 701 729 727 702 700 754 756
3091 13598902 0 8 756 702 709 728 736 682 755 701
3092 13598901 0 8 757 703 731 126 758 704 125 127
3093 13598902 0 8 758 704 732 730 759 705 703 757
3094 13598897 0 8 759 705 733 731 758 760 706 704
3095 13598896 0 8 760 706 734 732 759 761 707 705
3096 13598900 0 8 761 707 735 733 760 762 708 706
3097 13598898 0 8 762 708 710 734 737 707 761 683
3098 13598907 0 8 763 709 738 756 783 711 729 765
3099 13598899 0 8 764 710 744 762 735 771 789 717
3100 13598910 0 8 765 711 739 736 766 712 763 709
3101 13598910 0 8 766 712 740 738 711 713 767 765
3102 13598895 0 8 767 713 741 739 766 768 712 714
3103 13598895 0 8 768 714 742 740 767 713 715 769
3104 13598910 0 8 769 715 743 741 768 770 714 716
3105 13598909 0 8 770 716 161 742 160 162 769 715
3106 13598907 0 8 771 717 745 737 710 718 772 764
3107 13598907 0 8 772 718 746 744 719 773 771 717
3108 13598907 0 8 773 719 747 745 774 718 720 772
3109 13598910 0 8 774 720 748 746 775 721 719 773
3110 13598903 0 8 775 721 749 747 774 776 720 722
3111 13598903 0 8 776 722 750 748 721 775 777 723
3112 13598910 0 8 777 723 751 749 776 778 722 724
3113 13598903 0 8 778 724 752 750 723 777 779 725
3114 13598903 0 8 779 725 753 751 726 778 780 724
3115 13598910 0 8 780 726 754 752 727 725 779 781
3116 13598903 0 8 781 727 755 753 782 726 728 780
3117 13598903 0 8 782 728 756 754 783 729 727 781
3118 13598910 0 8 783 729 736 755 782 728 763 709
3119 13598901 0 8 784 730 758 127 128 785 731 126
3120 13598902 0 8 785 731 759 757 784 786 730 732
3121 13598902 0 8 786 732 760 758 731 785 787 733
3122 13598901 0 8 787 733 761 759 734 786 788 732
3123 13598905 0 8 788 734 762 760 735 733 787 789
3124 13598903 0 8 789 735 737 761 710 734 764 788
3125 13598907 0 8 790 736 765 783 792 810 738 756
3126 13598899 0 8 791 737 771 789 798 744 762 816
3127 13598907 0 8 792 738 766 763 790 736 793 739
3128 13598907 0 8 793 739 767 765 792 794 738 740
3129 13598892 0 8 794 740 768 766 739 793 795 741
3130 13598892 0 8 795 741 769 767 742 794 796 740
3131 13598907 0 8 796 742 770 768 743 741 795 797
3132 13598903 0 8 797 743 160 769 742 161 796 159
3133 13598903 0 8 798 744 772 764 799 791 745 737
3134 13598903 0 8 799 745 773 771 798 744 746 800
3135 13598903 0 8 800 746 774 772 799 801 745 747
3136 13598907 0 8 801 747 775 773 800 746 748 802
3137 13598900 0 8 802 748 776 774 801 803 747 749
3138 13598900 0 8 803 749 777 775 750 804 802 748
3139 13598907 0 8 804 750 778 776 751 803 805 749
3140 13598900 0 8 805 751 779 777 806 750 752 804
3141 13598900 0 8 806 752 780 778 807 753 805 751
3142 13598907 0 8 807 753 781 779 806 808 752 754
3143 13598899 0 8 808 754 782 780 807 809 755 753
3144 13598900 0 8 809 755 783 781 756 808 810 754
3145 13598907 0 8 810 756 763 782 790 736 809 755
3146 13598899 0 8 811 757 785 128 758 129 812 127
3147 13598900 0 8 812 758 786 784 759 757 811 813
3148 13598902 0 8 813 759 787 785 814 758 760 812
3149 13598901 0 8 814 760 788 786 815 761 759 813
3150 13598905 0 8 815 761 789 787 814 816 760 762
3151 13598903 0 8 816 762 764 788 791 815 761 737
3152 13598904 0 8 817 763 792 810 783 837 819 765
3153 13598897 0 8 818 764 798 816 771 825 843 789
3154 13598904 0 8 819 765 793 790 766 817 763 820
3155 13598904 0 8 820 766 794 792 767 765 819 821
3156 13598889 0 8 821 767 795 793 822 766 768 820
3157 13598889 0 8 822 768 796 794 823 769 767 821
3158 13598904 0 8 823 769 797 795 822 824 768 770
3159 13598905 0 8 824 770 159 796 160 823 769 158
3160 13598901 0 8 825 771 799 791 826 818 772 764
3161 13598901 0 8 826 772 800 798 771 825 827 773
3162 13598901 0 8 827 773 801 799 774 826 772 828
3163 13598904 0 8 828 774 802 800 775 773 827 829
3164 13598897 0 8 829 775 803 801 774 776 830 828
3165 13598897 0 8 830 776 804 802 775 777 831 829
3166 13598904 0 8 831 777 805 803 830 776 778 832
3167 13598897 0 8 832 778 806 804 833 831 777 779
3168 13598897 0 8 833 779 807 805 834 832 778 780
3169 13598904 0 8 834 780 808 806 835 833 779 781
3170 13598897 0 8 835 781 809 807 782 836 834 780
3171 13598897 0 8 836 782 810 808 783 837 835 781
3172 13598904 0 8 837 783 790 809 782 817 763 836
3173 13598900 0 8 838 784 812 129 128 839 130 785
3174 13598902 0 8 839 785 813 811 838 840 786 784
3175 13598900 0 8 840 786 814 812 839 785 841 787
3176 13598899 0 8 841 787 815 813 840 842 788 786
3177 13598902 0 8 842 788 816 814 841 787 843 789
3178 13598901 0 8 843 789 791 815 818 842 764 788
3179 13598906 0 8 844 790 819 837 846 792 810 864
3180 13598898 0 8 845 791 825 843 870 816 798 852
3181 13598906 0 8 846 792 820 817 790 847 793 844
3182 13598906 0 8 847 793 821 819 846 848 794 792
3183 13598890 0 8 848 794 822 820 847 793 849 795
3184 13598890 0 8 849 795 823 821 848 850 796 794
3185 13598906 0 8 850 796 824 822 849 795 851 797
3186 13598905 0 8 851 797 158 823 850 157 796 159
3187 13598902 0 8 852 798 826 818 853 791 799 845
3188 13598902 0 8 853 799 827 825 854 800 798 852
3189 13598902 0 8 854 800 828 826 799 855 801 853
3190 13598905 0 8 855 801 829 827 854 856 802 800
3191 13598898 0 8 856 802 830 828 855 801 857 803
3192 13598898 0 8 857 803 831 829 856 858 804 802
3193 13598906 0 8 858 804 832 830 857 803 859 805
3194 13598898 0 8 859 805 833 831 806 804 858 860
3195 13598898 0 8 860 806 834 832 807 859 805 861
3196 13598905 0 8 861 807 835 833 806 808 862 860
3197 13598898 0 8 862 808 836 834 807 863 809 861
3198 13598898 0 8 863 809 837 835 862 808 810 864
3199 13598906 0 8 864 810 817 836 790 863 809 844
3200 13598900 0 8 865 811 839 130 129 131 866 812
3201 13598902 0 8 866 812 840 838 865 811 867 813
3202 13598901 0 8 867 813 841 839 814 868 866 812
3203 13598900 0 8 868 814 842 840 869 815 867 813
3204 13598904 0 8 869 815 843 841 870 816 814 868
3205 13598902 0 8 870 816 818 842 791 815 869 845
3206 13598904 0 8 113 817 846 864 112 114 819 837
3207 13598897 0 8 99 818 852 870 98 825 100 843
3208 13598904 0 8 114 819 847 844 113 817 820 115
3209 13598904 0 8 115 820 848 846 114 116 819 821
3210 13598889 0 8 116 821 849 847 822 115 117 820
3211 13598889 0 8 117 822 850 848 823 116 118 821
3212 13598904 0 8 118 823 851 849 822 824 117 119
3213 13598905 0 8 119 824 157 850 8 823 118 158
3214 13598900 0 8 100 825 853 845 826 99 818 101
3215 13598901 0 8 101 826 854 852 825 100 827 102
3216 13598900 0 8 102 827 855 853 826 101 828 103
3217 13598904 0 8 103 828 856 854 104 827 102 829
3218 13598897 0 8 104 829 857 855 830 105 828 103
3219 13598897 0 8 105 830 858 856 104 831 106 829
3220 13598904 0 8 106 831 859 857 830 105 832 107
3221 13598897 0 8 107 832 860 858 831 106 833 108
3222 13598897 0 8 108 833 861 859 832 107 834 109
3223 13598904 0 8 109 834 862 860 833 108 835 110
3224 13598897 0 8 110 835 863 861 834 109 836 111
3225 13598897 0 8 111 836 864 862 112 835 110 837
3226 13598904 0 8 112 837 844 863 113 817 836 111
3227 13598900 0 8 93 838 866 131 839 130 94 7
3228 13598902 0 8 94 839 867 865 838 840 93 95
3229 13598900 0 8 95 840 868 866 96 839 841 94
3230 13598899 0 8 96 841 869 867 97 840 842 95
3231 13598902 0 8 97 842 870 868 96 98 841 843
3232 13598900 0 8 98 843 845 869 818 97 99 842
