21 100000.00000 100000.00000 0.00000 0.000000000000000
22 100000.00000 0.00000 0.00000 0.000000000000000
23 50500.00000 100000.00000 0.00000 0.000000000000000
24 50500.00000 0.00000 0.00000 0.000000000000000
25 50500.00000 75000.00000 0.00000 0.000000000000000
26 50500.00000 25000.00000 0.00000 0.000000000000000
31 0.00000 0.00000 0.00000 0.000000000000000
32 0.00000 100000.00000 0.00000 0.000000000000000
33 49500.00000 0.00000 0.00000 0.000000000000000
34 49500.00000 25000.00000 0.00000 0.000000000000000
35 49500.00000 75000.00000 0.00000 0.000000000000000
36 49500.00000 100000.00000 0.00000 0.000000000000000
255 100000.00000 96428.57030 0.00000 0.000000000000000
256 100000.00000 92857.14060 0.00000 0.000000000000000
257 100000.00000 89285.71090 0.00000 0.000000000000000
258 100000.00000 85714.28910 0.00000 0.000000000000000
259 100000.00000 82142.85940 0.00000 0.000000000000000
260 100000.00000 78571.42970 0.00000 0.000000000000000
261 100000.00000 75000.00000 0.00000 0.000000000000000
262 100000.00000 71428.57030 0.00000 0.000000000000000
263 100000.00000 67857.14060 0.00000 0.000000000000000
264 100000.00000 64285.71480 0.00000 0.000000000000000
265 100000.00000 60714.28520 0.00000 0.000000000000000
266 100000.00000 57142.85550 0.00000 0.000000000000000
267 100000.00000 53571.42970 0.00000 0.000000000000000
268 100000.00000 50000.00000 0.00000 0.000000000000000
269 100000.00000 46428.57030 0.00000 0.000000000000000
270 100000.00000 42857.14450 0.00000 0.000000000000000
271 100000.00000 39285.71480 0.00000 0.000000000000000
272 100000.00000 35714.28520 0.00000 0.000000000000000
273 100000.00000 32142.85740 0.00000 0.000000000000000
274 100000.00000 28571.42770 0.00000 0.000000000000000
275 100000.00000 25000.00000 0.00000 0.000000000000000
276 100000.00000 21428.57230 0.00000 0.000000000000000
277 100000.00000 17857.14260 0.00000 0.000000000000000
278 100000.00000 14285.71390 0.00000 0.000000000000000
279 100000.00000 10714.28610 0.00000 0.000000000000000
280 100000.00000 7142.85693 0.00000 0.000000000000000
281 100000.00000 3571.42847 0.00000 0.000000000000000
282 53800.00000 100000.00000 0.00000 0.000000000000000
283 57100.00000 100000.00000 0.00000 0.000000000000000
284 60400.00000 100000.00000 0.00000 0.000000000000000
285 63700.00000 100000.00000 0.00000 0.000000000000000
286 67000.00000 100000.00000 0.00000 0.000000000000000
287 70300.00000 100000.00000 0.00000 0.000000000000000
288 73600.00000 100000.00000 0.00000 0.000000000000000
289 76900.00000 100000.00000 0.00000 0.000000000000000
290 80200.00000 100000.00000 0.00000 0.000000000000000
291 83500.00000 100000.00000 0.00000 0.000000000000000
292 86800.00000 100000.00000 0.00000 0.000000000000000
293 90100.00000 100000.00000 0.00000 0.000000000000000
294 93400.00000 100000.00000 0.00000 0.000000000000000
295 96700.00000 100000.00000 0.00000 0.000000000000000
296 96700.00000 0.00000 0.00000 0.000000000000000
297 93400.00000 0.00000 0.00000 0.000000000000000
298 90100.00000 0.00000 0.00000 0.000000000000000
299 86800.00000 0.00000 0.00000 0.000000000000000
300 83500.00000 0.00000 0.00000 0.000000000000000
301 80200.00000 0.00000 0.00000 0.000000000000000
302 76900.00000 0.00000 0.00000 0.000000000000000
303 73600.00000 0.00000 0.00000 0.000000000000000
304 70300.00000 0.00000 0.00000 0.000000000000000
305 67000.00000 0.00000 0.00000 0.000000000000000
306 63700.00000 0.00000 0.00000 0.000000000000000
307 60400.00000 0.00000 0.00000 0.000000000000000
308 57100.00000 0.00000 0.00000 0.000000000000000
309 53800.00000 0.00000 0.00000 0.000000000000000
310 50500.00000 96428.57030 0.00000 0.000000000000000
311 50500.00000 92857.14060 0.00000 0.000000000000000
312 50500.00000 89285.71090 0.00000 0.000000000000000
313 50500.00000 85714.28910 0.00000 0.000000000000000
314 50500.00000 82142.85940 0.00000 0.000000000000000
315 50500.00000 78571.42970 0.00000 0.000000000000000
316 50500.00000 21428.57230 0.00000 0.000000000000000
317 50500.00000 17857.14260 0.00000 0.000000000000000
318 50500.00000 14285.71390 0.00000 0.000000000000000
319 50500.00000 10714.28610 0.00000 0.000000000000000
320 50500.00000 7142.85693 0.00000 0.000000000000000
321 50500.00000 3571.42847 0.00000 0.000000000000000
322 50500.00000 71428.57030 0.00000 0.000000000000000
323 50500.00000 67857.14060 0.00000 0.000000000000000
324 50500.00000 64285.71480 0.00000 0.000000000000000
325 50500.00000 60714.28520 0.00000 0.000000000000000
326 50500.00000 57142.85550 0.00000 0.000000000000000
327 50500.00000 53571.42970 0.00000 0.000000000000000
328 50500.00000 50000.00000 0.00000 0.000000000000000
329 50500.00000 46428.57030 0.00000 0.000000000000000
330 50500.00000 42857.14450 0.00000 0.000000000000000
331 50500.00000 39285.71480 0.00000 0.000000000000000
332 50500.00000 35714.28520 0.00000 0.000000000000000
333 50500.00000 32142.85740 0.00000 0.000000000000000
334 50500.00000 28571.42770 0.00000 0.000000000000000
469 0.00000 3571.42847 0.00000 0.000000000000000
470 0.00000 7142.85693 0.00000 0.000000000000000
471 0.00000 10714.28610 0.00000 0.000000000000000
472 0.00000 14285.71390 0.00000 0.000000000000000
473 0.00000 17857.14260 0.00000 0.000000000000000
474 0.00000 21428.57230 0.00000 0.000000000000000
475 0.00000 25000.00000 0.00000 0.000000000000000
476 0.00000 28571.42770 0.00000 0.000000000000000
477 0.00000 32142.85740 0.00000 0.000000000000000
478 0.00000 35714.28520 0.00000 0.000000000000000
479 0.00000 39285.71480 0.00000 0.000000000000000
480 0.00000 42857.14450 0.00000 0.000000000000000
481 0.00000 46428.57030 0.00000 0.000000000000000
482 0.00000 50000.00000 0.00000 0.000000000000000
483 0.00000 53571.42970 0.00000 0.000000000000000
484 0.00000 57142.85550 0.00000 0.000000000000000
485 0.00000 60714.28520 0.00000 0.000000000000000
486 0.00000 64285.71480 0.00000 0.000000000000000
487 0.00000 67857.14060 0.00000 0.000000000000000
488 0.00000 71428.57030 0.00000 0.000000000000000
489 0.00000 75000.00000 0.00000 0.000000000000000
490 0.00000 78571.42970 0.00000 0.000000000000000
491 0.00000 82142.85940 0.00000 0.000000000000000
492 0.00000 85714.28910 0.00000 0.000000000000000
493 0.00000 89285.71090 0.00000 0.000000000000000
494 0.00000 92857.14060 0.00000 0.000000000000000
495 0.00000 96428.57030 0.00000 0.000000000000000
496 45692.30860 0.00000 0.00000 0.000000000000000
497 41884.61720 0.00000 0.00000 0.000000000000000
498 38076.92190 0.00000 0.00000 0.000000000000000
499 34269.23050 0.00000 0.00000 0.000000000000000
500 30461.53910 0.00000 0.00000 0.000000000000000
501 26653.84570 0.00000 0.00000 0.000000000000000
502 22846.15430 0.00000 0.00000 0.000000000000000
503 19038.46090 0.00000 0.00000 0.000000000000000
504 15230.76950 0.00000 0.00000 0.000000000000000
505 11423.07710 0.00000 0.00000 0.000000000000000
506 7615.38477 0.00000 0.00000 0.000000000000000
507 3807.69238 0.00000 0.00000 0.000000000000000
508 49500.00000 3571.42847 0.00000 0.000000000000000
509 49500.00000 7142.85693 0.00000 0.000000000000000
510 49500.00000 10714.28610 0.00000 0.000000000000000
511 49500.00000 14285.71390 0.00000 0.000000000000000
512 49500.00000 17857.14260 0.00000 0.000000000000000
513 49500.00000 21428.57230 0.00000 0.000000000000000
514 49500.00000 28571.42770 0.00000 0.000000000000000
515 49500.00000 32142.85740 0.00000 0.000000000000000
516 49500.00000 35714.28520 0.00000 0.000000000000000
517 49500.00000 39285.71480 0.00000 0.000000000000000
518 49500.00000 42857.14450 0.00000 0.000000000000000
519 49500.00000 46428.57030 0.00000 0.000000000000000
520 49500.00000 50000.00000 0.00000 0.000000000000000
521 49500.00000 53571.42970 0.00000 0.000000000000000
522 49500.00000 57142.85550 0.00000 0.000000000000000
523 49500.00000 60714.28520 0.00000 0.000000000000000
524 49500.00000 64285.71480 0.00000 0.000000000000000
525 49500.00000 67857.14060 0.00000 0.000000000000000
526 49500.00000 71428.57030 0.00000 0.000000000000000
527 49500.00000 78571.42970 0.00000 0.000000000000000
528 49500.00000 82142.85940 0.00000 0.000000000000000
529 49500.00000 85714.28910 0.00000 0.000000000000000
530 49500.00000 89285.71090 0.00000 0.000000000000000
531 49500.00000 92857.14060 0.00000 0.000000000000000
532 49500.00000 96428.57030 0.00000 0.000000000000000
533 3807.69238 100000.00000 0.00000 0.000000000000000
534 7615.38477 100000.00000 0.00000 0.000000000000000
535 11423.07710 100000.00000 0.00000 0.000000000000000
536 15230.76950 100000.00000 0.00000 0.000000000000000
537 19038.46090 100000.00000 0.00000 0.000000000000000
538 22846.15430 100000.00000 0.00000 0.000000000000000
539 26653.84570 100000.00000 0.00000 0.000000000000000
540 30461.53910 100000.00000 0.00000 0.000000000000000
541 34269.23050 100000.00000 0.00000 0.000000000000000
542 38076.92190 100000.00000 0.00000 0.000000000000000
543 41884.61720 100000.00000 0.00000 0.000000000000000
544 45692.30860 100000.00000 0.00000 0.000000000000000
1691 53800.00000 25000.00000 0.00000 0.000000000000000
1692 53800.00000 75000.00000 0.00000 0.000000000000000
1693 53800.00000 21428.57230 0.00000 0.000000000000000
1694 53800.00000 17857.14260 0.00000 0.000000000000000
1695 53800.00000 14285.71390 0.00000 0.000000000000000
1696 53800.00000 10714.28610 0.00000 0.000000000000000
1697 53800.00000 7142.85693 0.00000 0.000000000000000
1698 53800.00000 3571.42847 0.00000 0.000000000000000
1699 53800.00000 71428.57030 0.00000 0.000000000000000
1700 53800.00000 67857.14060 0.00000 0.000000000000000
1701 53800.00000 64285.71480 0.00000 0.000000000000000
1702 53800.00000 60714.28520 0.00000 0.000000000000000
1703 53800.00000 57142.85550 0.00000 0.000000000000000
1704 53800.00000 53571.42970 0.00000 0.000000000000000
1705 53800.00000 50000.00000 0.00000 0.000000000000000
1706 53800.00000 46428.57030 0.00000 0.000000000000000
1707 53800.00000 42857.14450 0.00000 0.000000000000000
1708 53800.00000 39285.71480 0.00000 0.000000000000000
1709 53800.00000 35714.28520 0.00000 0.000000000000000
1710 53800.00000 32142.85740 0.00000 0.000000000000000
1711 53800.00000 28571.42770 0.00000 0.000000000000000
1712 53800.00000 96428.57030 0.00000 0.000000000000000
1713 53800.00000 92857.14060 0.00000 0.000000000000000
1714 53800.00000 89285.71090 0.00000 0.000000000000000
1715 53800.00000 85714.28910 0.00000 0.000000000000000
1716 53800.00000 82142.85940 0.00000 0.000000000000000
1717 53800.00000 78571.42970 0.00000 0.000000000000000
1718 57100.00000 25000.00000 0.00000 0.000000000000000
1719 57100.00000 75000.00000 0.00000 0.000000000000000
1720 57100.00000 21428.57230 0.00000 0.000000000000000
1721 57100.00000 17857.14260 0.00000 0.000000000000000
1722 57100.00000 14285.71390 0.00000 0.000000000000000
1723 57100.00000 10714.28610 0.00000 0.000000000000000
1724 57100.00000 7142.85693 0.00000 0.000000000000000
1725 57100.00000 3571.42847 0.00000 0.000000000000000
1726 57100.00000 71428.57030 0.00000 0.000000000000000
1727 57100.00000 67857.14060 0.00000 0.000000000000000
1728 57100.00000 64285.71480 0.00000 0.000000000000000
1729 57100.00000 60714.28520 0.00000 0.000000000000000
1730 57100.00000 57142.85550 0.00000 0.000000000000000
1731 57100.00000 53571.42970 0.00000 0.000000000000000
1732 57100.00000 50000.00000 0.00000 0.000000000000000
1733 57100.00000 46428.57030 0.00000 0.000000000000000
1734 57100.00000 42857.14450 0.00000 0.000000000000000
1735 57100.00000 39285.71480 0.00000 0.000000000000000
1736 57100.00000 35714.28520 0.00000 0.000000000000000
1737 57100.00000 32142.85740 0.00000 0.000000000000000
1738 57100.00000 28571.42770 0.00000 0.000000000000000
1739 57100.00000 96428.57030 0.00000 0.000000000000000
1740 57100.00000 92857.14060 0.00000 0.000000000000000
1741 57100.00000 89285.71090 0.00000 0.000000000000000
1742 57100.00000 85714.28910 0.00000 0.000000000000000
1743 57100.00000 82142.85940 0.00000 0.000000000000000
1744 57100.00000 78571.42970 0.00000 0.000000000000000
1745 60400.00000 25000.00000 0.00000 0.000000000000000
1746 60400.00000 75000.00000 0.00000 0.000000000000000
1747 60400.00000 21428.57230 0.00000 0.000000000000000
1748 60400.00000 17857.14260 0.00000 0.000000000000000
1749 60400.00000 14285.71390 0.00000 0.000000000000000
1750 60400.00000 10714.28610 0.00000 0.000000000000000
1751 60400.00000 7142.85693 0.00000 0.000000000000000
1752 60400.00000 3571.42847 0.00000 0.000000000000000
1753 60400.00000 71428.57030 0.00000 0.000000000000000
1754 60400.00000 67857.14060 0.00000 0.000000000000000
1755 60400.00000 64285.71480 0.00000 0.000000000000000
1756 60400.00000 60714.28520 0.00000 0.000000000000000
1757 60400.00000 57142.85550 0.00000 0.000000000000000
1758 60400.00000 53571.42970 0.00000 0.000000000000000
1759 60400.00000 50000.00000 0.00000 0.000000000000000
1760 60400.00000 46428.57030 0.00000 0.000000000000000
1761 60400.00000 42857.14450 0.00000 0.000000000000000
1762 60400.00000 39285.71480 0.00000 0.000000000000000
1763 60400.00000 35714.28520 0.00000 0.000000000000000
1764 60400.00000 32142.85740 0.00000 0.000000000000000
1765 60400.00000 28571.42770 0.00000 0.000000000000000
1766 60400.00000 96428.57030 0.00000 0.000000000000000
1767 60400.00000 92857.14060 0.00000 0.000000000000000
1768 60400.00000 89285.71090 0.00000 0.000000000000000
1769 60400.00000 85714.28910 0.00000 0.000000000000000
1770 60400.00000 82142.85940 0.00000 0.000000000000000
1771 60400.00000 78571.42970 0.00000 0.000000000000000
1772 63700.00000 25000.00000 0.00000 0.000000000000000
1773 63700.00000 75000.00000 0.00000 0.000000000000000
1774 63700.00000 21428.57230 0.00000 0.000000000000000
1775 63700.00000 17857.14260 0.00000 0.000000000000000
1776 63700.00000 14285.71390 0.00000 0.000000000000000
1777 63700.00000 10714.28610 0.00000 0.000000000000000
1778 63700.00000 7142.85693 0.00000 0.000000000000000
1779 63700.00000 3571.42847 0.00000 0.000000000000000
1780 63700.00000 71428.57030 0.00000 0.000000000000000
1781 63700.00000 67857.14060 0.00000 0.000000000000000
1782 63700.00000 64285.71480 0.00000 0.000000000000000
1783 63700.00000 60714.28520 0.00000 0.000000000000000
1784 63700.00000 57142.85550 0.00000 0.000000000000000
1785 63700.00000 53571.42970 0.00000 0.000000000000000
1786 63700.00000 50000.00000 0.00000 0.000000000000000
1787 63700.00000 46428.57030 0.00000 0.000000000000000
1788 63700.00000 42857.14450 0.00000 0.000000000000000
1789 63700.00000 39285.71480 0.00000 0.000000000000000
1790 63700.00000 35714.28520 0.00000 0.000000000000000
1791 63700.00000 32142.85740 0.00000 0.000000000000000
1792 63700.00000 28571.42770 0.00000 0.000000000000000
1793 63700.00000 96428.57030 0.00000 0.000000000000000
1794 63700.00000 92857.14060 0.00000 0.000000000000000
1795 63700.00000 89285.71090 0.00000 0.000000000000000
1796 63700.00000 85714.28910 0.00000 0.000000000000000
1797 63700.00000 82142.85940 0.00000 0.000000000000000
1798 63700.00000 78571.42970 0.00000 0.000000000000000
1799 67000.00000 25000.00000 0.00000 0.000000000000000
1800 67000.00000 75000.00000 0.00000 0.000000000000000
1801 67000.00000 21428.57230 0.00000 0.000000000000000
1802 67000.00000 17857.14260 0.00000 0.000000000000000
1803 67000.00000 14285.71390 0.00000 0.000000000000000
1804 67000.00000 10714.28610 0.00000 0.000000000000000
1805 67000.00000 7142.85693 0.00000 0.000000000000000
1806 67000.00000 3571.42847 0.00000 0.000000000000000
1807 67000.00000 71428.57030 0.00000 0.000000000000000
1808 67000.00000 67857.14060 0.00000 0.000000000000000
1809 67000.00000 64285.71480 0.00000 0.000000000000000
1810 67000.00000 60714.28520 0.00000 0.000000000000000
1811 67000.00000 57142.85550 0.00000 0.000000000000000
1812 67000.00000 53571.42970 0.00000 0.000000000000000
1813 67000.00000 50000.00000 0.00000 0.000000000000000
1814 67000.00000 46428.57030 0.00000 0.000000000000000
1815 67000.00000 42857.14450 0.00000 0.000000000000000
1816 67000.00000 39285.71480 0.00000 0.000000000000000
1817 67000.00000 35714.28520 0.00000 0.000000000000000
1818 67000.00000 32142.85740 0.00000 0.000000000000000
1819 67000.00000 28571.42770 0.00000 0.000000000000000
1820 67000.00000 96428.57030 0.00000 0.000000000000000
1821 67000.00000 92857.14060 0.00000 0.000000000000000
1822 67000.00000 89285.71090 0.00000 0.000000000000000
1823 67000.00000 85714.28910 0.00000 0.000000000000000
1824 67000.00000 82142.85940 0.00000 0.000000000000000
1825 67000.00000 78571.42970 0.00000 0.000000000000000
1826 70300.00000 25000.00000 0.00000 0.000000000000000
1827 70300.00000 75000.00000 0.00000 0.000000000000000
1828 70300.00000 21428.57230 0.00000 0.000000000000000
1829 70300.00000 17857.14260 0.00000 0.000000000000000
1830 70300.00000 14285.71390 0.00000 0.000000000000000
1831 70300.00000 10714.28610 0.00000 0.000000000000000
1832 70300.00000 7142.85693 0.00000 0.000000000000000
1833 70300.00000 3571.42847 0.00000 0.000000000000000
1834 70300.00000 71428.57030 0.00000 0.000000000000000
1835 70300.00000 67857.14060 0.00000 0.000000000000000
1836 70300.00000 64285.71480 0.00000 0.000000000000000
1837 70300.00000 60714.28520 0.00000 0.000000000000000
1838 70300.00000 57142.85550 0.00000 0.000000000000000
1839 70300.00000 53571.42970 0.00000 0.000000000000000
1840 70300.00000 50000.00000 0.00000 0.000000000000000
1841 70300.00000 46428.57030 0.00000 0.000000000000000
1842 70300.00000 42857.14450 0.00000 0.000000000000000
1843 70300.00000 39285.71480 0.00000 0.000000000000000
1844 70300.00000 35714.28520 0.00000 0.000000000000000
1845 70300.00000 32142.85740 0.00000 0.000000000000000
1846 70300.00000 28571.42770 0.00000 0.000000000000000
1847 70300.00000 96428.57030 0.00000 0.000000000000000
1848 70300.00000 92857.14060 0.00000 0.000000000000000
1849 70300.00000 89285.71090 0.00000 0.000000000000000
1850 70300.00000 85714.28910 0.00000 0.000000000000000
1851 70300.00000 82142.85940 0.00000 0.000000000000000
1852 70300.00000 78571.42970 0.00000 0.000000000000000
1853 73600.00000 25000.00000 0.00000 0.000000000000000
1854 73600.00000 75000.00000 0.00000 0.000000000000000
1855 73600.00000 21428.57230 0.00000 0.000000000000000
1856 73600.00000 17857.14260 0.00000 0.000000000000000
1857 73600.00000 14285.71390 0.00000 0.000000000000000
1858 73600.00000 10714.28610 0.00000 0.000000000000000
1859 73600.00000 7142.85693 0.00000 0.000000000000000
1860 73600.00000 3571.42847 0.00000 0.000000000000000
1861 73600.00000 71428.57030 0.00000 0.000000000000000
1862 73600.00000 67857.14060 0.00000 0.000000000000000
1863 73600.00000 64285.71480 0.00000 0.000000000000000
1864 73600.00000 60714.28520 0.00000 0.000000000000000
1865 73600.00000 57142.85550 0.00000 0.000000000000000
1866 73600.00000 53571.42970 0.00000 0.000000000000000
1867 73600.00000 50000.00000 0.00000 0.000000000000000
1868 73600.00000 46428.57030 0.00000 0.000000000000000
1869 73600.00000 42857.14450 0.00000 0.000000000000000
1870 73600.00000 39285.71480 0.00000 0.000000000000000
1871 73600.00000 35714.28520 0.00000 0.000000000000000
1872 73600.00000 32142.85740 0.00000 0.000000000000000
1873 73600.00000 28571.42770 0.00000 0.000000000000000
1874 73600.00000 96428.57030 0.00000 0.000000000000000
1875 73600.00000 92857.14060 0.00000 0.000000000000000
1876 73600.00000 89285.71090 0.00000 0.000000000000000
1877 73600.00000 85714.28910 0.00000 0.000000000000000
1878 73600.00000 82142.85940 0.00000 0.000000000000000
1879 73600.00000 78571.42970 0.00000 0.000000000000000
1880 76900.00000 25000.00000 0.00000 0.000000000000000
1881 76900.00000 75000.00000 0.00000 0.000000000000000
1882 76900.00000 21428.57230 0.00000 0.000000000000000
1883 76900.00000 17857.14260 0.00000 0.000000000000000
1884 76900.00000 14285.71390 0.00000 0.000000000000000
1885 76900.00000 10714.28610 0.00000 0.000000000000000
1886 76900.00000 7142.85693 0.00000 0.000000000000000
1887 76900.00000 3571.42847 0.00000 0.000000000000000
1888 76900.00000 71428.57030 0.00000 0.000000000000000
1889 76900.00000 67857.14060 0.00000 0.000000000000000
1890 76900.00000 64285.71480 0.00000 0.000000000000000
1891 76900.00000 60714.28520 0.00000 0.000000000000000
1892 76900.00000 57142.85550 0.00000 0.000000000000000
1893 76900.00000 53571.42970 0.00000 0.000000000000000
1894 76900.00000 50000.00000 0.00000 0.000000000000000
1895 76900.00000 46428.57030 0.00000 0.000000000000000
1896 76900.00000 42857.14450 0.00000 0.000000000000000
1897 76900.00000 39285.71480 0.00000 0.000000000000000
1898 76900.00000 35714.28520 0.00000 0.000000000000000
1899 76900.00000 32142.85740 0.00000 0.000000000000000
1900 76900.00000 28571.42770 0.00000 0.000000000000000
1901 76900.00000 96428.57030 0.00000 0.000000000000000
1902 76900.00000 92857.14060 0.00000 0.000000000000000
1903 76900.00000 89285.71090 0.00000 0.000000000000000
1904 76900.00000 85714.28910 0.00000 0.000000000000000
1905 76900.00000 82142.85940 0.00000 0.000000000000000
1906 76900.00000 78571.42970 0.00000 0.000000000000000
1907 80200.00000 25000.00000 0.00000 0.000000000000000
1908 80200.00000 75000.00000 0.00000 0.000000000000000
1909 80200.00000 21428.57230 0.00000 0.000000000000000
1910 80200.00000 17857.14260 0.00000 0.000000000000000
1911 80200.00000 14285.71390 0.00000 0.000000000000000
1912 80200.00000 10714.28610 0.00000 0.000000000000000
1913 80200.00000 7142.85693 0.00000 0.000000000000000
1914 80200.00000 3571.42847 0.00000 0.000000000000000
1915 80200.00000 71428.57030 0.00000 0.000000000000000
1916 80200.00000 67857.14060 0.00000 0.000000000000000
1917 80200.00000 64285.71480 0.00000 0.000000000000000
1918 80200.00000 60714.28520 0.00000 0.000000000000000
1919 80200.00000 57142.85550 0.00000 0.000000000000000
1920 80200.00000 53571.42970 0.00000 0.000000000000000
1921 80200.00000 50000.00000 0.00000 0.000000000000000
1922 80200.00000 46428.57030 0.00000 0.000000000000000
1923 80200.00000 42857.14450 0.00000 0.000000000000000
1924 80200.00000 39285.71480 0.00000 0.000000000000000
1925 80200.00000 35714.28520 0.00000 0.000000000000000
1926 80200.00000 32142.85740 0.00000 0.000000000000000
1927 80200.00000 28571.42770 0.00000 0.000000000000000
1928 80200.00000 96428.57030 0.00000 0.000000000000000
1929 80200.00000 92857.14060 0.00000 0.000000000000000
1930 80200.00000 89285.71090 0.00000 0.000000000000000
1931 80200.00000 85714.28910 0.00000 0.000000000000000
1932 80200.00000 82142.85940 0.00000 0.000000000000000
1933 80200.00000 78571.42970 0.00000 0.000000000000000
1934 83500.00000 25000.00000 0.00000 0.000000000000000
1935 83500.00000 75000.00000 0.00000 0.000000000000000
1936 83500.00000 21428.57230 0.00000 0.000000000000000
1937 83500.00000 17857.14260 0.00000 0.000000000000000
1938 83500.00000 14285.71390 0.00000 0.000000000000000
1939 83500.00000 10714.28610 0.00000 0.000000000000000
1940 83500.00000 7142.85693 0.00000 0.000000000000000
1941 83500.00000 3571.42847 0.00000 0.000000000000000
1942 83500.00000 71428.57030 0.00000 0.000000000000000
1943 83500.00000 67857.14060 0.00000 0.000000000000000
1944 83500.00000 64285.71480 0.00000 0.000000000000000
1945 83500.00000 60714.28520 0.00000 0.000000000000000
1946 83500.00000 57142.85550 0.00000 0.000000000000000
1947 83500.00000 53571.42970 0.00000 0.000000000000000
1948 83500.00000 50000.00000 0.00000 0.000000000000000
1949 83500.00000 46428.57030 0.00000 0.000000000000000
1950 83500.00000 42857.14450 0.00000 0.000000000000000
1951 83500.00000 39285.71480 0.00000 0.000000000000000
1952 83500.00000 35714.28520 0.00000 0.000000000000000
1953 83500.00000 32142.85740 0.00000 0.000000000000000
1954 83500.00000 28571.42770 0.00000 0.000000000000000
1955 83500.00000 96428.57030 0.00000 0.000000000000000
1956 83500.00000 92857.14060 0.00000 0.000000000000000
1957 83500.00000 89285.71090 0.00000 0.000000000000000
1958 83500.00000 85714.28910 0.00000 0.000000000000000
1959 83500.00000 82142.85940 0.00000 0.000000000000000
1960 83500.00000 78571.42970 0.00000 0.000000000000000
1961 86800.00000 25000.00000 0.00000 0.000000000000000
1962 86800.00000 75000.00000 0.00000 0.000000000000000
1963 86800.00000 21428.57230 0.00000 0.000000000000000
1964 86800.00000 17857.14260 0.00000 0.000000000000000
1965 86800.00000 14285.71390 0.00000 0.000000000000000
1966 86800.00000 10714.28610 0.00000 0.000000000000000
1967 86800.00000 7142.85693 0.00000 0.000000000000000
1968 86800.00000 3571.42847 0.00000 0.000000000000000
1969 86800.00000 71428.57030 0.00000 0.000000000000000
1970 86800.00000 67857.14060 0.00000 0.000000000000000
1971 86800.00000 64285.71480 0.00000 0.000000000000000
1972 86800.00000 60714.28520 0.00000 0.000000000000000
1973 86800.00000 57142.85550 0.00000 0.000000000000000
1974 86800.00000 53571.42970 0.00000 0.000000000000000
1975 86800.00000 50000.00000 0.00000 0.000000000000000
1976 86800.00000 46428.57030 0.00000 0.000000000000000
1977 86800.00000 42857.14450 0.00000 0.000000000000000
1978 86800.00000 39285.71480 0.00000 0.000000000000000
1979 86800.00000 35714.28520 0.00000 0.000000000000000
1980 86800.00000 32142.85740 0.00000 0.000000000000000
1981 86800.00000 28571.42770 0.00000 0.000000000000000
1982 86800.00000 96428.57030 0.00000 0.000000000000000
1983 86800.00000 92857.14060 0.00000 0.000000000000000
1984 86800.00000 89285.71090 0.00000 0.000000000000000
1985 86800.00000 85714.28910 0.00000 0.000000000000000
1986 86800.00000 82142.85940 0.00000 0.000000000000000
1987 86800.00000 78571.42970 0.00000 0.000000000000000
1988 90100.00000 25000.00000 0.00000 0.000000000000000
1989 90100.00000 75000.00000 0.00000 0.000000000000000
1990 90100.00000 21428.57230 0.00000 0.000000000000000
1991 90100.00000 17857.14260 0.00000 0.000000000000000
1992 90100.00000 14285.71390 0.00000 0.000000000000000
1993 90100.00000 10714.28610 0.00000 0.000000000000000
1994 90100.00000 7142.85693 0.00000 0.000000000000000
1995 90100.00000 3571.42847 0.00000 0.000000000000000
1996 90100.00000 71428.57030 0.00000 0.000000000000000
1997 90100.00000 67857.14060 0.00000 0.000000000000000
1998 90100.00000 64285.71480 0.00000 0.000000000000000
1999 90100.00000 60714.28520 0.00000 0.000000000000000
2000 90100.00000 57142.85550 0.00000 0.000000000000000
2001 90100.00000 53571.42970 0.00000 0.000000000000000
2002 90100.00000 50000.00000 0.00000 0.000000000000000
2003 90100.00000 46428.57030 0.00000 0.000000000000000
2004 90100.00000 42857.14450 0.00000 0.000000000000000
2005 90100.00000 39285.71480 0.00000 0.000000000000000
2006 90100.00000 35714.28520 0.00000 0.000000000000000
2007 90100.00000 32142.85740 0.00000 0.000000000000000
2008 90100.00000 28571.42770 0.00000 0.000000000000000
2009 90100.00000 96428.57030 0.00000 0.000000000000000
2010 90100.00000 92857.14060 0.00000 0.000000000000000
2011 90100.00000 89285.71090 0.00000 0.000000000000000
2012 90100.00000 85714.28910 0.00000 0.000000000000000
2013 90100.00000 82142.85940 0.00000 0.000000000000000
2014 90100.00000 78571.42970 0.00000 0.000000000000000
2015 93400.00000 25000.00000 0.00000 0.000000000000000
2016 93400.00000 75000.00000 0.00000 0.000000000000000
2017 93400.00000 21428.57230 0.00000 0.000000000000000
2018 93400.00000 17857.14260 0.00000 0.000000000000000
2019 93400.00000 14285.71390 0.00000 0.000000000000000
2020 93400.00000 10714.28610 0.00000 0.000000000000000
2021 93400.00000 7142.85693 0.00000 0.000000000000000
2022 93400.00000 3571.42847 0.00000 0.000000000000000
2023 93400.00000 71428.57030 0.00000 0.000000000000000
2024 93400.00000 67857.14060 0.00000 0.000000000000000
2025 93400.00000 64285.71480 0.00000 0.000000000000000
2026 93400.00000 60714.28520 0.00000 0.000000000000000
2027 93400.00000 57142.85550 0.00000 0.000000000000000
2028 93400.00000 53571.42970 0.00000 0.000000000000000
2029 93400.00000 50000.00000 0.00000 0.000000000000000
2030 93400.00000 46428.57030 0.00000 0.000000000000000
2031 93400.00000 42857.14450 0.00000 0.000000000000000
2032 93400.00000 39285.71480 0.00000 0.000000000000000
2033 93400.00000 35714.28520 0.00000 0.000000000000000
2034 93400.00000 32142.85740 0.00000 0.000000000000000
2035 93400.00000 28571.42770 0.00000 0.000000000000000
2036 93400.00000 96428.57030 0.00000 0.000000000000000
2037 93400.00000 92857.14060 0.00000 0.000000000000000
2038 93400.00000 89285.71090 0.00000 0.000000000000000
2039 93400.00000 85714.28910 0.00000 0.000000000000000
2040 93400.00000 82142.85940 0.00000 0.000000000000000
2041 93400.00000 78571.42970 0.00000 0.000000000000000
2042 96700.00000 25000.00000 0.00000 0.000000000000000
2043 96700.00000 75000.00000 0.00000 0.000000000000000
2044 96700.00000 21428.57230 0.00000 0.000000000000000
2045 96700.00000 17857.14260 0.00000 0.000000000000000
2046 96700.00000 14285.71390 0.00000 0.000000000000000
2047 96700.00000 10714.28610 0.00000 0.000000000000000
2048 96700.00000 7142.85693 0.00000 0.000000000000000
2049 96700.00000 3571.42847 0.00000 0.000000000000000
2050 96700.00000 71428.57030 0.00000 0.000000000000000
2051 96700.00000 67857.14060 0.00000 0.000000000000000
2052 96700.00000 64285.71480 0.00000 0.000000000000000
2053 96700.00000 60714.28520 0.00000 0.000000000000000
2054 96700.00000 57142.85550 0.00000 0.000000000000000
2055 96700.00000 53571.42970 0.00000 0.000000000000000
2056 96700.00000 50000.00000 0.00000 0.000000000000000
2057 96700.00000 46428.57030 0.00000 0.000000000000000
2058 96700.00000 42857.14450 0.00000 0.000000000000000
2059 96700.00000 39285.71480 0.00000 0.000000000000000
2060 96700.00000 35714.28520 0.00000 0.000000000000000
2061 96700.00000 32142.85740 0.00000 0.000000000000000
2062 96700.00000 28571.42770 0.00000 0.000000000000000
2063 96700.00000 96428.57030 0.00000 0.000000000000000
2064 96700.00000 92857.14060 0.00000 0.000000000000000
2065 96700.00000 89285.71090 0.00000 0.000000000000000
2066 96700.00000 85714.28910 0.00000 0.000000000000000
2067 96700.00000 82142.85940 0.00000 0.000000000000000
2068 96700.00000 78571.42970 0.00000 0.000000000000000
2909 45692.30860 75000.00000 0.00000 0.000000000000000
2910 45692.30860 25000.00000 0.00000 0.000000000000000
2911 45692.30860 78571.42970 0.00000 0.000000000000000
2912 45692.30860 82142.85940 0.00000 0.000000000000000
2913 45692.30860 85714.28910 0.00000 0.000000000000000
2914 45692.30860 89285.71090 0.00000 0.000000000000000
2915 45692.30860 92857.14060 0.00000 0.000000000000000
2916 45692.30860 96428.57030 0.00000 0.000000000000000
2917 45692.30860 28571.42770 0.00000 0.000000000000000
2918 45692.30860 32142.85740 0.00000 0.000000000000000
2919 45692.30860 35714.28520 0.00000 0.000000000000000
2920 45692.30860 39285.71480 0.00000 0.000000000000000
2921 45692.30860 42857.14450 0.00000 0.000000000000000
2922 45692.30860 46428.57030 0.00000 0.000000000000000
2923 45692.30860 50000.00000 0.00000 0.000000000000000
2924 45692.30860 53571.42970 0.00000 0.000000000000000
2925 45692.30860 57142.85550 0.00000 0.000000000000000
2926 45692.30860 60714.28520 0.00000 0.000000000000000
2927 45692.30860 64285.71480 0.00000 0.000000000000000
2928 45692.30860 67857.14060 0.00000 0.000000000000000
2929 45692.30860 71428.57030 0.00000 0.000000000000000
2930 45692.30860 3571.42847 0.00000 0.000000000000000
2931 45692.30860 7142.85693 0.00000 0.000000000000000
2932 45692.30860 10714.28610 0.00000 0.000000000000000
2933 45692.30860 14285.71390 0.00000 0.000000000000000
2934 45692.30860 17857.14260 0.00000 0.000000000000000
2935 45692.30860 21428.57230 0.00000 0.000000000000000
2936 41884.61330 75000.00000 0.00000 0.000000000000000
2937 41884.61330 25000.00000 0.00000 0.000000000000000
2938 41884.61330 78571.42970 0.00000 0.000000000000000
2939 41884.61330 82142.85940 0.00000 0.000000000000000
2940 41884.61330 85714.28910 0.00000 0.000000000000000
2941 41884.61330 89285.71090 0.00000 0.000000000000000
2942 41884.61330 92857.14060 0.00000 0.000000000000000
2943 41884.61720 96428.57030 0.00000 0.000000000000000
2944 41884.61330 28571.42770 0.00000 0.000000000000000
2945 41884.61330 32142.85740 0.00000 0.000000000000000
2946 41884.61330 35714.28520 0.00000 0.000000000000000
2947 41884.61330 39285.71480 0.00000 0.000000000000000
2948 41884.61330 42857.14450 0.00000 0.000000000000000
2949 41884.61330 46428.57030 0.00000 0.000000000000000
2950 41884.61330 50000.00000 0.00000 0.000000000000000
2951 41884.61330 53571.42970 0.00000 0.000000000000000
2952 41884.61330 57142.85550 0.00000 0.000000000000000
2953 41884.61330 60714.28520 0.00000 0.000000000000000
2954 41884.61330 64285.71480 0.00000 0.000000000000000
2955 41884.61330 67857.14060 0.00000 0.000000000000000
2956 41884.61330 71428.57030 0.00000 0.000000000000000
2957 41884.61720 3571.42847 0.00000 0.000000000000000
2958 41884.61720 7142.85693 0.00000 0.000000000000000
2959 41884.61330 10714.28610 0.00000 0.000000000000000
2960 41884.61330 14285.71390 0.00000 0.000000000000000
2961 41884.61330 17857.14260 0.00000 0.000000000000000
2962 41884.61330 21428.57230 0.00000 0.000000000000000
2963 38076.92580 75000.00000 0.00000 0.000000000000000
2964 38076.92580 25000.00000 0.00000 0.000000000000000
2965 38076.92580 78571.42970 0.00000 0.000000000000000
2966 38076.92580 82142.85940 0.00000 0.000000000000000
2967 38076.92580 85714.28910 0.00000 0.000000000000000
2968 38076.92580 89285.71090 0.00000 0.000000000000000
2969 38076.92580 92857.14060 0.00000 0.000000000000000
2970 38076.92190 96428.57030 0.00000 0.000000000000000
2971 38076.92580 28571.42770 0.00000 0.000000000000000
2972 38076.92580 32142.85740 0.00000 0.000000000000000
2973 38076.92580 35714.28520 0.00000 0.000000000000000
2974 38076.92580 39285.71480 0.00000 0.000000000000000
2975 38076.92580 42857.14450 0.00000 0.000000000000000
2976 38076.92580 46428.57030 0.00000 0.000000000000000
2977 38076.92580 50000.00000 0.00000 0.000000000000000
2978 38076.92580 53571.42970 0.00000 0.000000000000000
2979 38076.92580 57142.85550 0.00000 0.000000000000000
2980 38076.92580 60714.28520 0.00000 0.000000000000000
2981 38076.92580 64285.71480 0.00000 0.000000000000000
2982 38076.92580 67857.14060 0.00000 0.000000000000000
2983 38076.92580 71428.57030 0.00000 0.000000000000000
2984 38076.92190 3571.42847 0.00000 0.000000000000000
2985 38076.92190 7142.85693 0.00000 0.000000000000000
2986 38076.92580 10714.28610 0.00000 0.000000000000000
2987 38076.92580 14285.71390 0.00000 0.000000000000000
2988 38076.92580 17857.14260 0.00000 0.000000000000000
2989 38076.92580 21428.57230 0.00000 0.000000000000000
2990 34269.23050 75000.00000 0.00000 0.000000000000000
2991 34269.23050 25000.00000 0.00000 0.000000000000000
2992 34269.23050 78571.42970 0.00000 0.000000000000000
2993 34269.23050 82142.85940 0.00000 0.000000000000000
2994 34269.23050 85714.28910 0.00000 0.000000000000000
2995 34269.23050 89285.71090 0.00000 0.000000000000000
2996 34269.23050 92857.14060 0.00000 0.000000000000000
2997 34269.23050 96428.57030 0.00000 0.000000000000000
2998 34269.23050 28571.42770 0.00000 0.000000000000000
2999 34269.23050 32142.85740 0.00000 0.000000000000000
3000 34269.23050 35714.28520 0.00000 0.000000000000000
3001 34269.23050 39285.71480 0.00000 0.000000000000000
3002 34269.23050 42857.14450 0.00000 0.000000000000000
3003 34269.23050 46428.57030 0.00000 0.000000000000000
3004 34269.23050 50000.00000 0.00000 0.000000000000000
3005 34269.23050 53571.42970 0.00000 0.000000000000000
3006 34269.23050 57142.85550 0.00000 0.000000000000000
3007 34269.23050 60714.28520 0.00000 0.000000000000000
3008 34269.23050 64285.71480 0.00000 0.000000000000000
3009 34269.23050 67857.14060 0.00000 0.000000000000000
3010 34269.23050 71428.57030 0.00000 0.000000000000000
3011 34269.23050 3571.42847 0.00000 0.000000000000000
3012 34269.23050 7142.85693 0.00000 0.000000000000000
3013 34269.23050 10714.28610 0.00000 0.000000000000000
3014 34269.23050 14285.71390 0.00000 0.000000000000000
3015 34269.23050 17857.14260 0.00000 0.000000000000000
3016 34269.23050 21428.57230 0.00000 0.000000000000000
3017 30461.53710 75000.00000 0.00000 0.000000000000000
3018 30461.53710 25000.00000 0.00000 0.000000000000000
3019 30461.53910 78571.42970 0.00000 0.000000000000000
3020 30461.53910 82142.85940 0.00000 0.000000000000000
3021 30461.53910 85714.28910 0.00000 0.000000000000000
3022 30461.53910 89285.71090 0.00000 0.000000000000000
3023 30461.53910 92857.14060 0.00000 0.000000000000000
3024 30461.53910 96428.57030 0.00000 0.000000000000000
3025 30461.53910 28571.42770 0.00000 0.000000000000000
3026 30461.53910 32142.85740 0.00000 0.000000000000000
3027 30461.53910 35714.28520 0.00000 0.000000000000000
3028 30461.53910 39285.71480 0.00000 0.000000000000000
3029 30461.53910 42857.14450 0.00000 0.000000000000000
3030 30461.53910 46428.57030 0.00000 0.000000000000000
3031 30461.53910 50000.00000 0.00000 0.000000000000000
3032 30461.53910 53571.42970 0.00000 0.000000000000000
3033 30461.53910 57142.85550 0.00000 0.000000000000000
3034 30461.53910 60714.28520 0.00000 0.000000000000000
3035 30461.53910 64285.71480 0.00000 0.000000000000000
3036 30461.53910 67857.14060 0.00000 0.000000000000000
3037 30461.53910 71428.57030 0.00000 0.000000000000000
3038 30461.53910 3571.42847 0.00000 0.000000000000000
3039 30461.53910 7142.85693 0.00000 0.000000000000000
3040 30461.53710 10714.28610 0.00000 0.000000000000000
3041 30461.53710 14285.71390 0.00000 0.000000000000000
3042 30461.53710 17857.14260 0.00000 0.000000000000000
3043 30461.53710 21428.57230 0.00000 0.000000000000000
3044 26653.84570 75000.00000 0.00000 0.000000000000000
3045 26653.84570 25000.00000 0.00000 0.000000000000000
3046 26653.84570 78571.42970 0.00000 0.000000000000000
3047 26653.84570 82142.85940 0.00000 0.000000000000000
3048 26653.84570 85714.28910 0.00000 0.000000000000000
3049 26653.84570 89285.71090 0.00000 0.000000000000000
3050 26653.84570 92857.14060 0.00000 0.000000000000000
3051 26653.84570 96428.57030 0.00000 0.000000000000000
3052 26653.84570 28571.42770 0.00000 0.000000000000000
3053 26653.84570 32142.85740 0.00000 0.000000000000000
3054 26653.84570 35714.28520 0.00000 0.000000000000000
3055 26653.84570 39285.71480 0.00000 0.000000000000000
3056 26653.84570 42857.14450 0.00000 0.000000000000000
3057 26653.84570 46428.57030 0.00000 0.000000000000000
3058 26653.84570 50000.00000 0.00000 0.000000000000000
3059 26653.84570 53571.42970 0.00000 0.000000000000000
3060 26653.84570 57142.85550 0.00000 0.000000000000000
3061 26653.84570 60714.28520 0.00000 0.000000000000000
3062 26653.84570 64285.71480 0.00000 0.000000000000000
3063 26653.84570 67857.14060 0.00000 0.000000000000000
3064 26653.84570 71428.57030 0.00000 0.000000000000000
3065 26653.84570 3571.42847 0.00000 0.000000000000000
3066 26653.84570 7142.85693 0.00000 0.000000000000000
3067 26653.84570 10714.28610 0.00000 0.000000000000000
3068 26653.84570 14285.71390 0.00000 0.000000000000000
3069 26653.84570 17857.14260 0.00000 0.000000000000000
3070 26653.84570 21428.57230 0.00000 0.000000000000000
3071 22846.15430 75000.00000 0.00000 0.000000000000000
3072 22846.15430 25000.00000 0.00000 0.000000000000000
3073 22846.15630 78571.42970 0.00000 0.000000000000000
3074 22846.15630 82142.85940 0.00000 0.000000000000000
3075 22846.15630 85714.28910 0.00000 0.000000000000000
3076 22846.15630 89285.71090 0.00000 0.000000000000000
3077 22846.15630 92857.14060 0.00000 0.000000000000000
3078 22846.15630 96428.57030 0.00000 0.000000000000000
3079 22846.15630 28571.42770 0.00000 0.000000000000000
3080 22846.15630 32142.85740 0.00000 0.000000000000000
3081 22846.15630 35714.28520 0.00000 0.000000000000000
3082 22846.15630 39285.71480 0.00000 0.000000000000000
3083 22846.15630 42857.14450 0.00000 0.000000000000000
3084 22846.15630 46428.57030 0.00000 0.000000000000000
3085 22846.15630 50000.00000 0.00000 0.000000000000000
3086 22846.15630 53571.42970 0.00000 0.000000000000000
3087 22846.15630 57142.85550 0.00000 0.000000000000000
3088 22846.15630 60714.28520 0.00000 0.000000000000000
3089 22846.15630 64285.71480 0.00000 0.000000000000000
3090 22846.15630 67857.14060 0.00000 0.000000000000000
3091 22846.15630 71428.57030 0.00000 0.000000000000000
3092 22846.15430 3571.42847 0.00000 0.000000000000000
3093 22846.15430 7142.85693 0.00000 0.000000000000000
3094 22846.15430 10714.28610 0.00000 0.000000000000000
3095 22846.15430 14285.71390 0.00000 0.000000000000000
3096 22846.15430 17857.14260 0.00000 0.000000000000000
3097 22846.15430 21428.57230 0.00000 0.000000000000000
3098 19038.46290 75000.00000 0.00000 0.000000000000000
3099 19038.46290 25000.00000 0.00000 0.000000000000000
3100 19038.46290 78571.42970 0.00000 0.000000000000000
3101 19038.46290 82142.85940 0.00000 0.000000000000000
3102 19038.46290 85714.28910 0.00000 0.000000000000000
3103 19038.46290 89285.71090 0.00000 0.000000000000000
3104 19038.46290 92857.14060 0.00000 0.000000000000000
3105 19038.46090 96428.57030 0.00000 0.000000000000000
3106 19038.46290 28571.42770 0.00000 0.000000000000000
3107 19038.46290 32142.85740 0.00000 0.000000000000000
3108 19038.46290 35714.28520 0.00000 0.000000000000000
3109 19038.46290 39285.71480 0.00000 0.000000000000000
3110 19038.46290 42857.14450 0.00000 0.000000000000000
3111 19038.46290 46428.57030 0.00000 0.000000000000000
3112 19038.46290 50000.00000 0.00000 0.000000000000000
3113 19038.46290 53571.42970 0.00000 0.000000000000000
3114 19038.46290 57142.85550 0.00000 0.000000000000000
3115 19038.46290 60714.28520 0.00000 0.000000000000000
3116 19038.46290 64285.71480 0.00000 0.000000000000000
3117 19038.46290 67857.14060 0.00000 0.000000000000000
3118 19038.46290 71428.57030 0.00000 0.000000000000000
3119 19038.46090 3571.42847 0.00000 0.000000000000000
3120 19038.46090 7142.85693 0.00000 0.000000000000000
3121 19038.46290 10714.28610 0.00000 0.000000000000000
3122 19038.46290 14285.71390 0.00000 0.000000000000000
3123 19038.46290 17857.14260 0.00000 0.000000000000000
3124 19038.46290 21428.57230 0.00000 0.000000000000000
3125 15230.76860 75000.00000 0.00000 0.000000000000000
3126 15230.76860 25000.00000 0.00000 0.000000000000000
3127 15230.76860 78571.42970 0.00000 0.000000000000000
3128 15230.76860 82142.85940 0.00000 0.000000000000000
3129 15230.76860 85714.28910 0.00000 0.000000000000000
3130 15230.76860 89285.71090 0.00000 0.000000000000000
3131 15230.76860 92857.14060 0.00000 0.000000000000000
3132 15230.76950 96428.57030 0.00000 0.000000000000000
3133 15230.76860 28571.42770 0.00000 0.000000000000000
3134 15230.76860 32142.85740 0.00000 0.000000000000000
3135 15230.76860 35714.28520 0.00000 0.000000000000000
3136 15230.76860 39285.71480 0.00000 0.000000000000000
3137 15230.76860 42857.14450 0.00000 0.000000000000000
3138 15230.76860 46428.57030 0.00000 0.000000000000000
3139 15230.76860 50000.00000 0.00000 0.000000000000000
3140 15230.76860 53571.42970 0.00000 0.000000000000000
3141 15230.76860 57142.85550 0.00000 0.000000000000000
3142 15230.76860 60714.28520 0.00000 0.000000000000000
3143 15230.76860 64285.71480 0.00000 0.000000000000000
3144 15230.76860 67857.14060 0.00000 0.000000000000000
3145 15230.76860 71428.57030 0.00000 0.000000000000000
3146 15230.76950 3571.42847 0.00000 0.000000000000000
3147 15230.76950 7142.85693 0.00000 0.000000000000000
3148 15230.76860 10714.28610 0.00000 0.000000000000000
3149 15230.76860 14285.71390 0.00000 0.000000000000000
3150 15230.76860 17857.14260 0.00000 0.000000000000000
3151 15230.76860 21428.57230 0.00000 0.000000000000000
3152 11423.07710 75000.00000 0.00000 0.000000000000000
3153 11423.07710 25000.00000 0.00000 0.000000000000000
3154 11423.07710 78571.42970 0.00000 0.000000000000000
3155 11423.07710 82142.85940 0.00000 0.000000000000000
3156 11423.07710 85714.28910 0.00000 0.000000000000000
3157 11423.07710 89285.71090 0.00000 0.000000000000000
3158 11423.07710 92857.14060 0.00000 0.000000000000000
3159 11423.07710 96428.57030 0.00000 0.000000000000000
3160 11423.07710 28571.42770 0.00000 0.000000000000000
3161 11423.07710 32142.85740 0.00000 0.000000000000000
3162 11423.07710 35714.28520 0.00000 0.000000000000000
3163 11423.07710 39285.71480 0.00000 0.000000000000000
3164 11423.07710 42857.14450 0.00000 0.000000000000000
3165 11423.07710 46428.57030 0.00000 0.000000000000000
3166 11423.07710 50000.00000 0.00000 0.000000000000000
3167 11423.07710 53571.42970 0.00000 0.000000000000000
3168 11423.07710 57142.85550 0.00000 0.000000000000000
3169 11423.07710 60714.28520 0.00000 0.000000000000000
3170 11423.07710 64285.71480 0.00000 0.000000000000000
3171 11423.07710 67857.14060 0.00000 0.000000000000000
3172 11423.07710 71428.57030 0.00000 0.000000000000000
3173 11423.07710 3571.42847 0.00000 0.000000000000000
3174 11423.07710 7142.85693 0.00000 0.000000000000000
3175 11423.07710 10714.28610 0.00000 0.000000000000000
3176 11423.07710 14285.71390 0.00000 0.000000000000000
3177 11423.07710 17857.14260 0.00000 0.000000000000000
3178 11423.07710 21428.57230 0.00000 0.000000000000000
3179 7615.38428 75000.00000 0.00000 0.000000000000000
3180 7615.38428 25000.00000 0.00000 0.000000000000000
3181 7615.38428 78571.42970 0.00000 0.000000000000000
3182 7615.38428 82142.85940 0.00000 0.000000000000000
3183 7615.38428 85714.28910 0.00000 0.000000000000000
3184 7615.38428 89285.71090 0.00000 0.000000000000000
3185 7615.38428 92857.14060 0.00000 0.000000000000000
3186 7615.38477 96428.57030 0.00000 0.000000000000000
3187 7615.38428 28571.42770 0.00000 0.000000000000000
3188 7615.38428 32142.85740 0.00000 0.000000000000000
3189 7615.38428 35714.28520 0.00000 0.000000000000000
3190 7615.38428 39285.71480 0.00000 0.000000000000000
3191 7615.38428 42857.14450 0.00000 0.000000000000000
3192 7615.38428 46428.57030 0.00000 0.000000000000000
3193 7615.38428 50000.00000 0.00000 0.000000000000000
3194 7615.38428 53571.42970 0.00000 0.000000000000000
3195 7615.38428 57142.85550 0.00000 0.000000000000000
3196 7615.38428 60714.28520 0.00000 0.000000000000000
3197 7615.38428 64285.71480 0.00000 0.000000000000000
3198 7615.38428 67857.14060 0.00000 0.000000000000000
3199 7615.38428 71428.57030 0.00000 0.000000000000000
3200 7615.38477 3571.42847 0.00000 0.000000000000000
3201 7615.38477 7142.85693 0.00000 0.000000000000000
3202 7615.38428 10714.28610 0.00000 0.000000000000000
3203 7615.38428 14285.71390 0.00000 0.000000000000000
3204 7615.38428 17857.14260 0.00000 0.000000000000000
3205 7615.38428 21428.57230 0.00000 0.000000000000000
3206 3807.69214 75000.00000 0.00000 0.000000000000000
3207 3807.69214 25000.00000 0.00000 0.000000000000000
3208 3807.69214 78571.42970 0.00000 0.000000000000000
3209 3807.69214 82142.85940 0.00000 0.000000000000000
3210 3807.69214 85714.28910 0.00000 0.000000000000000
3211 3807.69214 89285.71090 0.00000 0.000000000000000
3212 3807.69214 92857.14060 0.00000 0.000000000000000
3213 3807.69238 96428.57030 0.00000 0.000000000000000
3214 3807.69214 28571.42770 0.00000 0.000000000000000
3215 3807.69214 32142.85740 0.00000 0.000000000000000
3216 3807.69214 35714.28520 0.00000 0.000000000000000
3217 3807.69214 39285.71480 0.00000 0.000000000000000
3218 3807.69214 42857.14450 0.00000 0.000000000000000
3219 3807.69214 46428.57030 0.00000 0.000000000000000
3220 3807.69214 50000.00000 0.00000 0.000000000000000
3221 3807.69214 53571.42970 0.00000 0.000000000000000
3222 3807.69214 57142.85550 0.00000 0.000000000000000
3223 3807.69214 60714.28520 0.00000 0.000000000000000
3224 3807.69214 64285.71480 0.00000 0.000000000000000
3225 3807.69214 67857.14060 0.00000 0.000000000000000
3226 3807.69214 71428.57030 0.00000 0.000000000000000
3227 3807.69238 3571.42847 0.00000 0.000000000000000
3228 3807.69238 7142.85693 0.00000 0.000000000000000
3229 3807.69214 10714.28610 0.00000 0.000000000000000
3230 3807.69214 14285.71390 0.00000 0.000000000000000
3231 3807.69214 17857.14260 0.00000 0.000000000000000
3232 3807.69214 21428.57230 0.00000 0.000000000000000
